57071 2006   061122603449 3332    4 6670 3333    2--------------------------------------------------------------------------

R0
000000000000000000000000000000000000000000000000000000000000000000000000000000000000000000000000000000000000000000000000,
000000000000000000000000000000000000000000000000000000000000000000000000000000000000000000000000000000000000000000000000,
000000000000000000000000000000000000000000000000000000000000000000000000000000000000000000000000000000000000000000000000,
000000000000000000000000000000000000000000000000000000000000000000000000000000000000000000000000000000000000000000000000,
000000000000000000000000000000000000000000000000000000000000000000000000000000000000000000000000000000000000000000000000,
000000000000000000000000000000000000000000000000000000000000000000000000000000000000000000000000000000000000000000000000,
000000000000000000000000000000000000000000000000000000000000000000000000000000000000000000000000000000000000000000000000,
000000000000000000000000000000000000000000000000000000000000000000000000000000000000000000000000000000000000000000000000,
000000000000000000000000000000000000000000000000000000000000000000000000000000000000000000000000000000000000000000000000,
000000000000000000000000000000000000000000000000000000000000000000000000000000000000000000000000000000000000000000000000,
000000000000000000000000000000000000000000000000000000000000000000000000000000000000000000000000000000000000000000000000,
000000000000000000000000000000000000000000000000000000000000000000000000000000000000000000000000000000000000000000000000,
000000000000000000000000000000000000000000000000000000000000000000000000000000000000000000000000000000000000000000000000,
000000000000000000000000000000000000000000000000000000000000000000000000000000000000000000000000000000000000000000000000,
000000000000000000000000000000000000000000000000000000000000000000000000000000000000000000000000000000000000000000000000,
000000000000000000000000000000000000000000000000000000000000000000000000000000000000000000000000000000000000000000000000,
000000000000000000000000000000000000000000000000000000000000000000000000000000000000000000000000000000000000000000000000,
000000000000000000000000000000000000000000000000000000000000000000000000000000000000000000000000000000000000000000000000,
000000000000000000000000000000000000000000000000000000000000000000000000000000000000000000000000000000000000000000000000,
000000000000000000000000000000000000000000000000000000000000000000000000000000000000000000000000000000000000000000000000,
000000000000000000000000000000000000000000000000000000000000000000000000000000000000000000000000000000000000000000000000,
000000000000000000000000000000000000000000000000000000000000000000000000000000000000000000000000000000000000000000000000,
000000000000000000000000000000000000000000000000000000000000000000000000000000000000000000000000000000000000000000000000,
000000000000000000000000000000000000000000000000000000000000000000000000000000000000000000000000000000000000000000000000,
000000000000000000000000000000000000000000000000000000000000000000000000000000000000000000000000000000000000000000000000,
000000000000000000000000000000000000000000000000000000000000000000000000000000000000000000000000000000000000000000000000,
000000000000000000000000000000000000000000000000000000000000000000000000000000000000000000000000000000000000000000000000,
000000000000000000000000000000000000000000000000000000000000000000000000000000000000000000000000000000000000000000000000,
000000000000000000000000000000000000000000000000000000000000000000000000000000000000000000000000000000000000000000000000,
000000000000000000000000000000000000000000000000000000000000000000000000000000000000000000000000000000000000000000000000,
000000000000000000000000000000000000000000000000000000000000000000000000000000000000000000000000000000000000000000000000,
000000000000000000000000000000000000000000000000000000000000000000000000000000000000000000000000000000000000000000000000,
000000000000000000000000000000000000000000000000000000000000000000000000000000000000000000000000000000000000000000000000,
000000000000000000000000000000000000000000000000000000000000000000000000000000000000000000000000000000000000000000000000,
000000000000000000000000000000000000000000000000000000000000000000000000000000000000000000000000000000000000000000000000,
000000000000000000000000000000000000000000000000000000000000000000000000000000000000000000000000000000000000000000000000,
000000000000000000000000000000000000000000000000000000000000000000000000000000000000000000000000000000000000000000000000,
000000000000000000000000000000000000000000000000000000000000000000000000000000000000000000000000000000000000000000000000,
000000000000000000000000000000000000000000000000000000000000000000000000000000000000000000000000000000000000000000000000,
000000000000000000000000000000000000000000000000000000000000000000000000000000000000000000000000000000000000000000000000,
000000000000000000000000000000000000000000000000000000000000000000000000000000000000000000000000000000000000000000000000,
000000000000000000000000000000000000000000000000000000000000000000000000000000000000000000000000000000000000000000000000,
000000000000000000000000000000000000000000000000000000000000000000000000000000000000000000000000000000000000000000000000,
000000000000000000000000000000000000000000000000000000000000000000000000000000000000000000000000000000000000000000000000,
000000000000000000000000000000000000000000000000000000000000000000000000000000000000000000000000000000000000000000000000,
000000000000000000000000000000000000000000000000000000000000000000000000000000000000000000000000000000000000000000000000,
000000000000000000000000000000000000000000000000000000000000000000000000000000000000000000000000000000000000000000000000,
000000000000000000000000000000000000000000000000000000000000000000000000000000000000000000000000000000000000000000000000,
000000000000000000000000000000000000000000000000000000000000000000000000000000000000000000000000000000000000000000000000,
000000000000000000000000000000000000000000000000000000000000000000000000000000000000000000000000000000000000000000000000,
000000000000000000000000000000000000000000000000000000000000000000000000000000000000000000000000000000000000000000000000,
000000000000000000000000000000000000000000000000000000000000000000000000000000000000000000000000000000000000000000000000,
000000000000000000000000000000000000000000000000000000000000000000000000000000000000000000000000000000000000000000000000,
000000000000000000000000000000000000000000000000000000000000000000000000000000000000000000000000000000000000000000000000,
000000000000000000000000000000000000000000000000000000000000000000000000000000000000000000000000000000000000000000000000,
000000000000000000000000000000000000000000000000000000000000000000000000000000000000000000000000000000000000000000000000,
000000000000000000000000000000000000000000000000000000000000000000000000000000000000000000000000000000000000000000000000,
000000000000000000000000000000000000000000000000000000000000000000000000000000000000000000000000000000000000000000000000,
000000000000000000000000000000000000000000000000000000000000000000000000000000000000000000000000000000000000000000000000,
000000000000000000000000000000000000000000000000000000000000000000000000000000000000000000000000000000000000000000000000,
000000000000000000000000000000000000000000000000000000000000000000000000000000000000000000000000000000000000000000000000,
000000000000000000000000000000000000000000000000000000000000000000000000000000000000000000000000000000000000000000000000,
000000000000000000000000000000000000000000000000000000000000000000000000000000000000000000000000000000000000000000000000,
000000000000000000000000000000000000000000000000000000000000000000000000000000000000000000000000000000000000000000000000,
000000000000000000000000000000000000000000000000000000000000000000000000000000000000000000000000000000000000000000000000,
000000000000000000000000000000000000000000000000000000000000000000000000000000000000000000000000000000000000000000000000,
000000000000000000000000000000000000000000000000000000000000000000000000000000000000000000000000000000000000000000000000,
000000000000000000000000000000000000000000000000000000000000000000000000000000000000000000000000000000000000000000000000,
000000000000000000000000000000000000000000000000000000000000000000000000000000000000000000000000000000000000000000000000,
000000000000000000000000000000000000000000000000000000000000000000000000000000000000000000000000000000000000000000000000,
000000000000000000000000000000000000000000000000000000000000000000000000000000000000000000000000000000000000000000000000,
000000000000000000000000000000000000000000000000000000000000000000000000000000000000000000000000000000000000000000000000,
000000000000000000000000000000000000000000000000000000000000000000000000000000000000000000000000000000000000000000000000,
000000000000000000000000000000000000000000000000000000000000000000000000000000000000000000000000000000000000000000000000,
000000000000000000000000000000000000000000000000000000000000000000000000000000000000000000000000000000000000000000000000,
000000000000000000000000000000000000000000000000000000000000000000000000000000000000000000000000000000000000000000000000,
000000000000000000000000000000000000000000000000000000000000000000000000000000000000000000000000000000000000000000000000,
000000000000000000000000000000000000000000000000000000000000000000000000000000000000000000000000000000000000000000000000,
000000000000000000000000000000000000000000000000000000000000000000000000000000000000000000000000000000000000000000000000,
000000000000000000000000000000000000000000000000000000000000000000000000000000000000000000000000000000000000000000000000,
000000000000000000000000000000000000000000000000000000000000000000000000000000000000000000000000000000000000000000000000,
000000000000000000000000000000000000000000000000000000000000000000000000000000000000000000000000000000000000000000000000,
000000000000000000000000000000000000000000000000000000000000000000000000000000000000000000000000000000000000000000000000,
000000000000000000000000000000000000000000000000000000000000000000000000000000000000000000000000000000000000000000000000,
000000000000000000000000000000000000000000000000000000000000000000000000000000000000000000000000000000000000000000000000,
000000000000000000000000000000000000000000000000000000000000000000000000000000000000000000000000000000000000000000000000,
000000000000000000000000000000000000000000000000000000000000000000000000000000000000000000000000000000000000000000000000,
000000000000000000000000000000000000000000000000000000000000000000000000000000000000000000000000000000000000000000000000,
000000000000000000000000000000000000000000000000000000000000000000000000000000000000000000000000000000000000000000000000,
000000000000000000000000000000000000000000000000000000000000000000000000000000000000000000000000000000000000000000000000,
000000000000000000000000000000000000000000000000000000000000000000000000000000000000000000000000000000000000000000000000,
000000000000000000000000000000000000000000000000000000000000000000000000000000000000000000000000000000000000000000000000,
000000000000000000000000000000000000000000000000000000000000000000000000000000000000000000000000000000000000000000000000,
000000000000000000000000000000000000000000000000000000000000000000000000000000000000000000000000000000000000000000000000,
000000000000000000000000000000000000000000000000000000000000000000000000000000000000000000000000000000000000000000000000,
000000000000000000000000000000000000000000000000000000000000000000000000000000000000000000000000000000000000000000000000,
000000000000000000000000000000000000000000000000000000000000000000000000000000000000000000000000000000000000000000000000,
000000000000000000000000000000000000000000000000000000000000000000000000000000000000000000000000000000000000000000000000,
000000000000000000000000000000000000000000000000000000000000000000000000000000000000000000000000000000000000000000000000,
000000000000000000000000000000000000000000000000000000000000000000000000000000000000000000000000000000000000000000000000,
000000000000000000000000000000000000000000000000000000000000000000000000000000000000000000000000000000000000000000000000,
000000000000000000000000000000000000000000000000000000000000000000000000000000000000000000000000000000000000000000000000,
000000000000000000000000000000000000000000000000000000000000000000000000000000000000000000000000000000000000000000000000,
000000000000000000000000000000000000000000000000000000000000000000000000000000000000000000000000000000000000000000000000,
000000000000000000000000000000000000000000000000000000000000000000000000000000000000000000000000000000000000000000000000,
000000000000000000000000000000000000000000000000000000000000000000000000000000000000000000000000000000000000000000000000,
000000000000000000000000000000000000000000000000000000000000000000000000000000000000000000000000000000000000000000000000,
000000000000000000000000000000000000000000000000000000000000000000000000000000000000000000000000000000000000000000000000,
000000000000000000000000000000000000000000000000000000000000000000000000000000000000000000000000000000000000000000000000,
000000000000000000000000000000000000000000000000000000000000000000000000000000000000000000000000000000000000000000000000,
000000000000000000000000000000000000000000000000000000000000000000000000000000000000000000000000000000000000000000000000,
000000000000000000000000000000000000000000000000000000000000000000000000000000000000000000000000000000000000000000000000,
000000000000000000000000000000000000000000000000000000000000000000000000000000000000000000000000000000000000000000000000,
000000000000000000000000000000000000000000000000000000000000000000000000000000000000000000000000000000000000000000000000,
000000000000000000000000000000000000000000000000000000000000000000000000000000000000000000000000000000000000000000000000,
000000000000000000000000000000000000000000000000000000000000000000000000000000000000000000000000000000000000000000000000,
000000000000000000000000000000000000000000000000000000000000000000000000000000000000000000000000000000000000000000000000,
000000000000000000000000000000000000000000000000000000000000000000000000000000000000000000000000000000000000000000000000,
000000000000000000000000000000000000000000000000000000000000000000000000000000000000000000000000000000000000000000000000,
000000000000000000000000000000000000000000000000000000000000000000000000000000000000000000000000000000000000000000000000,
000000000000000000000000000000000000000000000000000000000000000000000000000000000000000000000000000000000000000000000000,
000000000000000000000000000000000000000000000000000000000000000000000000000000000000000000000000000000000000000000000000,
000000000000000000000000000000000000000000000000000000000000000000000000000000000000000000000000000000000000000000000000,
000000000000000000000000000000000000000000000000000000000000000000000000000000000000000000000000000000000000000000000000,
000000000000000000000000000000000000000000000000000000000000000000000000000000000000000000000000000000000000000000000000,
000000000000000000000000000000000000000000000000000000000000000000000000000000000000000000000000000000000000000000000000,
000000000000000000000000000000000000000000000000000000000000000000000000000000000000000000000000000000000000000000000000,
000000000000000000000000000000000000000000000000000000000000000000000000000000000000000000000000000000000000000000000000,
000000000000000000000000000000000000000000000000000000000000000000000000000000000000000000000000000000000000000000000000,
000000000000000000000000000000000000000000000000000000000000000000000000000000000000000000000000000000000000000000000000,
000000000000000000000000000000000000000000000000000000000000000000000000000000000000000000000000000000000000000000000000,
000000000000000000000000000000000000000000000000000000000000000000000000000000000000000000000000000000000000000000000000,
000000000000000000000000000000000000000000000000000000000000000000000000000000000000000000000000000000000000000000000000,
000000000000000000000000000000000000000000000000000000000000000000000000000000000000000000000000000000000000000000000000,
000000000000000000000000000000000000000000000000000000000000000000000000000000000000000000000000000000000000000000000000,
000000000000000000000000000000000000000000000000000000000000000000000000000000000000000000000000000000000000000000000000,
000000000000000000000000000000000000000000000000000000000000000000000000000000000000000000000000000000000000000000000000,
000000000000000000000000000000000000000000000000000000000000000000000000000000000000000000000000000000000000000000000000,
000000000000000000000000000000000000000000000000000000000000000000000000000000000000000000000000000000000000000000000000,
000000000000000000000000000000000000000000000000000000000000000000000000000000000000000000000000000000000000000000000000,
000000000000000000000000000000000000000000000000000000000000000000000000000000000000000000000000000000000000000000000000,
000000000000000000000000000000000000000000000000000000000000000000000000000000000000000000000000000000000000000000000000,
000000000000000000000000000000000000000000000000000000000000000000000000000000000000000000000000000000000000000000000000,
000000000000000000000000000000000000000000000000000000000000000000000000000000000000000000000000000000000000000000000000,
000000000000000000000000000000000000000000000000000000000000000000000000000000000000000000000000000000000000000000000000,
000000000000000000000000000000000000000000000000000000000000000000000000000000000000000000000000000000000000000000000000,
000000000000000000000000000000000000000000000000000000000000000000000000000000000000000000000000000000000000000000000000,
000000000000000000000000000000000000000000000000000000000000000000000000000000000000000000000000000000000000000000000000,
000000000000000000000000000000000000000000000000000000000000000000000000000000000000000000000000000000000000000000000000,
000000000000000000000000000000000000000000000000000000000000000000000000000000000000000000000000000000000000000000000000,
000000000000000000000000000000000000000000000000000000000000000000000000000000000000000000000000000000000000000000000000,
000000000000000000000000000000000000000000000000000000000000000000000000000000000000000000000000000000000000000000000000,
000000000000000000000000000000000000000000000000000000000000000000000000000000000000000000000000000000000000000000000000,
000000000000000000000000000000000000000000000000000000000000000000000000000000000000000000000000000000000000000000000000,
000000000000000000000000000000000000000000000000000000000000000000000000000000000000000000000000000000000000000000000000,
000000000000000000000000000000000000000000000000000000000000000000000000000000000000000000000000000000000000000000000000,
000000000000000000000000000000000000000000000000000000000000000000000000000000000000000000000000000000000000000000000000,
000000000000000000000000000000000000000000000000000000000000000000000000000000000000000000000000000000000000000000000000,
000000000000000000000000000000000000000000000000000000000000000000000000000000000000000000000000000000000000000000000000,
000000000000000000000000000000000000000000000000000000000000000000000000000000000000000000000000000000000000000000000000,
000000000000000000000000000000000000000000000000000000000000000000000000000000000000000000000000000000000000000000000000,
000000000000000000000000000000000000000000000000000000000000000000000000000000000000000000000000000000000000000000000000,
000000000000000000000000000000000000000000000000000000000000000000000000000000000000000000000000000000000000000000000000,
000000000000000000000000000000000000000000000000000000000000000000000000000000000000000000000000000000000000000000000000,
000000000000000000000000000000000000000000000000000000000000000000000000000000000000000000000000000000000000000000000000,
000000000000000000000000000000000000000000000000000000000000000000000000000000000000000000000000000000000000000000000000,
000000000000000000000000000000000000000000000000000000000000000000000000000000000000000000000000000000000000000000000000,
000000000000000000000000000000000000000000000000000000000000000000000000000000000000000000000000000000000000000000000000,
000000000000000000000000000000000000000000000000000000000000000000000000000000000000000000000000000000000000000000000000,
000000000000000000000000000000000000000000000000000000000000000000000000000000000000000000000000000000000000000000000000,
000000000000000000000000000000000000000000000000000000000000000000000000000000000000000000000000000000000000000000000000,
000000000000000000000000000000000000000000000000000000000000000000000000000000000000000000000000000000000000000000000000,
000000000000000000000000000000000000000000000000000000000000000000000000000000000000000000000000000000000000000000000000,
000000000000000000000000000000000000000000000000000000000000000000000000000000000000000000000000000000000000000000000000,
000000000000000000000000000000000000000000000000000000000000000000000000000000000000000000000000000000000000000000000000,
000000000000000000000000000000000000000000000000000000000000000000000000000000000000000000000000000000000000000000000000,
000000000000000000000000000000000000000000000000000000000000000000000000000000000000000000000000000000000000000000000000,
000000000000000000000000000000000000000000000000000000000000000000000000000000000000000000000000000000000000000000000000,
000000000000000000000000000000000000000000000000000000000000000000000000000000000000000000000000000000000000000000000000,
000000000000000000000000000000000000000000000000000000000000000000000000000000000000000000000000000000000000000000000000,
000000000000000000000000000000000000000000000000000000000000000000000000000000000000000000000000000000000000000000000000,
000000000000000000000000000000000000000000000000000000000000000000000000000000000000000000000000000000000000000000000000,
000000000000000000000000000000000000000000000000000000000000000000000000000000000000000000000000000000000000000000000000,
000000000000000000000000000000000000000000000000000000000000000000000000000000000000000000000000000000000000000000000000,
000000000000000000000000000000000000000000000000000000000000000000000000000000000000000000000000000000000000000000000000,
000000000000000000000000000000000000000000000000000000000000000000000000000000000000000000000000000000000000000000000000,
000000000000000000000000000000000000000000000000000000000000000000000000000000000000000000000000000000000000000000000000,
000000000000000000000000000000000000000000000000000000000000000000000000000000000000000000000000000000000000000000000000,
000000000000000000000000000000000000000000000000000000000000000000000000000000000000000000000000000000000000000000000000,
000000000000000000000000000000000000000000000000000000000000000000000000000000000000000000000000000000000000000000000000,
000000000000000000000000000000000000000000000000000000000000000000000000000000000000000000000000000000000000000000000000,
000000000000000000000000000000000000000000000000000000000000000000000000000000000000000000000000000000000000000000000000,
000000000000000000000000000000000000000000000000000000000000000000000000000000000000000000000000000000000000000000000000,
000000000000000000000000000000000000000000000000000000000000000000000000000000000000000000000000000000000000000000000000,
000000000000000000000000000000000000000000000000000000000000000000000000000000000000000000000000000000000000000000000000,
000000000000000000000000000000000000000000000000000000000000000000000000000000000000000000000000000000000000000000000000,
000000000000000000000000000000000000000000000000000000000000000000000000000000000000000000000000000000000000000000000000,
000000000000000000000000000000000000000000000000000000000000000000000000000000000000000000000000000000000000000000000000,
000000000000000000000000000000000000000000000000000000000000000000000000000000000000000000000000000000000000000000000000,
000000000000000000000000000000000000000000000000000000000000000000000000000000000000000000000000000000000000000000000000,
000000000000000000000000000000000000000000000000000000000000000000000000000000000000000000000000000000000000000000000000,
000000000000000000000000000000000000000000000000000000000000000000000000000000000000000000000000000000000000000000000000,
000000000000000000000000000000000000000000000000000000000000000000000000000000000000000000000000000000000000000000000000,
000000000000000000000000000000000000000000000000000000000000000000000000000000000000000000000000000000000000000000000000,
000000000000000000000000000000000000000000000000000000000000000000000000000000000000000000000000000000000000000000000000,
000000000000000000000000000000000000000000000000000000000000000000000000000000000000000000000000000000000000000000000000,
000000000000000000000000000000000000000000000000000000000000000000000000000000000000000000000000000000000000000000000000,
000000000000000000000000000000000000000000000000000000000000000000000000000000000000000000000000000000000000000000000000,
000000000000000000000000000000000000000000000000000000000000000000000000000000000000000000000000000000000000000000000000,
000000000000000000000000000000000000000000000000000000000000000000000000000000000000000000000000000000000000000000000000,
000000000000000000000000000000000000000000000000000000000000000000000000000000000000000000000000000000000000000000000000,
000000000000000000000000000000000000000000000000000000000000000000000000000000000000000000000000000000000000000000000000,
000000000000000000000000000000000000000000000000000000000000000000000000000000000000000000000000000000000000000000000000,
000000000000000000000000000000000000000000000000000000000000000000000000000000000000000000000000000000000000000000000000,
000000000000000000000000000000000000000000000000000000000000000000000000000000000000000000000000000000000000000000000000,
000000000000000000000000000000000000000000000000000000000000000000000000000000000000000000000000000000000000000000000000,
000000000000000000000000000000000000000000000000000000000000000000000000000000000000000000000000000000000000000000000000,
000000000000000000000000000000000000000000000000000000000000000000000000000000000000000000000000000000000000000000000000,
000000000000000000000000000000000000000000000000000000000000000000000000000000000000000000000000000000000000000000000000,
000000000000000000000000000000000000000000000000000000000000000000000000000000000000000000000000000000000000000000000000,
000000000000000000000000000000000000000000000000000000000000000000000000000000000000000000000000000000000000000000000000,
000000000000000000000000000000000000000000000000000000000000000000000000000000000000000000000000000000000000000000000000,
000000000000000000000000000000000000000000000000000000000000000000000000000000000000000000000000000000000000000000000000,
000000000000000000000000000000000000000000000000000000000000000000000000000000000000000000000000000000000000000000000000,
000000000000000000000000000000000000000000000000000000000000000000000000000000000000000000000000000000000000000000000000,
000000000000000000000000000000000000000000000000000000000000000000000000000000000000000000000000000000000000000000000000,
000000000000000000000000000000000000000000000000000000000000000000000000000000000000000000000000000000000000000000000000,
000000000000000000000000000000000000000000000000000000000000000000000000000000000000000000000000000000000000000000000000,
000000000000000000000000000000000000000000000000000000000000000000000000000000000000000000000000000000000000000000000000,
000000000000000000000000000000000000000000000000000000000000000000000000000000000000000000000000000000000000000000000000,
000000000000000000000000000000000000000000000000000000000000000000000000000000000000000000000000000000000000000000000000,
000000000000000000000000000000000000000000000000000000000000000000000000000000000000000000000000000000000000000000000000,
000000000000000000000000000000000000000000000000000000000000000000000000000000000000000000000000000000000000000000000000,
000000000000000000000000000000000000000000000000000000000000000000000000000000000000000000000000000000000000000000000000,
000000000000000000000000000000000000000000000000000000000000000000000000000000000000000000000000000000000000000000000000,
000000000000000000000000000000000000000000000000000000000000000000000000000000000000000000000000000000000000000000000000,
000000000000000000000000000000000000000000000000000000000000000000000000000000000000000000000000000000000000000000000000,
000000000000000000000000000000000000000000000000000000000000000000000000000000000000000000000000000000000000000000000000,
000000000000000000000000000000000000000000000000000000000000000000000000000000000000000000000000000000000000000000000000,
000000000000000000000000000000000000000000000000000000000000000000000000000000000000000000000000000000000000000000000000,
000000000000000000000000000000000000000000000000000000000000000000000000000000000000000000000000000000000000000000000000,
000000000000000000000000000000000000000000000000000000000000000000000000000000000000000000000000000000000000000000000000,
000000000000000000000000000000000000000000000000000000000000000000000000000000000000000000000000000000000000000000000000,
000000000000000000000000000000000000000000000000000000000000000000000000000000000000000000000000000000000000000000000000,
000000000000000000000000000000000000000000000000000000000000000000000000000000000000000000000000000000000000000000000000,
000000000000000000000000000000000000000000000000000000000000000000000000000000000000000000000000000000000000000000000000,
000000000000000000000000000000000000000000000000000000000000000000000000000000000000000000000000000000000000000000000000,
000000000000000000000000000000000000000000000000000000000000000000000000000000000000000000000000000000000000000000000000,
000000000000000000000000000000000000000000000000000000000000000000000000000000000000000000000000000000000000000000000000,
000000000000000000000000000000000000000000000000000000000000000000000000000000000000000000000000000000000000000000000000,
000000000000000000000000000000000000000000000000000000000000000000000000000000000000000000000000000000000000000000000000,
000000000000000000000000000000000000000000000000000000000000000000000000000000000000000000000000000000000000000000000000,
000000000000000000000000000000000000000000000000000000000000000000000000000000000000000000000000000000000000000000000000,
000000000000000000000000000000000000000000000000000000000000000000000000000000000000000000000000000000000000000000000000,
000000000000000000000000000000000000000000000000000000000000000000000000000000000000000000000000000000000000000000000000,
000000000000000000000000000000000000000000000000000000000000000000000000000000000000000000000000000000000000000000000000,
000000000000000000000000000000000000000000000000000000000000000000000000000000000000000000000000000000000000000000000000,
000000000000000000000000000000000000000000000000000000000000000000000000000000000000000000000000000000000000000000000000,
000000000000000000000000000000000000000000000000000000000000000000000000000000000000000000000000000000000000000000000000,
000000000000000000000000000000000000000000000000000000000000000000000000000000000000000000000000000000000000000000000000,
000000000000000000000000000000000000000000000000000000000000000000000000000000000000000000000000000000000000000000000000,
000000000000000000000000000000000000000000000000000000000000000000000000000000000000000000000000000000000000000000000000,
000000000000000000000000000000000000000000000000000000000000000000000000000000000000000000000000000000000000000000000000,
000000000000000000000000000000000000000000000000000000000000000000000000000000000000000000000000000000000000000000000000,
000000000000000000000000000000000000000000000000000000000000000000000000000000000000000000000000000000000000000000000000,
000000000000000000000000000000000000000000000000000000000000000000000000000000000000000000000000000000000000000000000000,
000000000000000000000000000000000000000000000000000000000000000000000000000000000000000000000000000000000000000000000000,
000000000000000000000000000000000000000000000000000000000000000000000000000000000000000000000000000000000000000000000000,
000000000000000000000000000000000000000000000000000000000000000000000000000000000000000000000000000000000000000000000000,
000000000000000000000000000000000000000000000000000000000000000000000000000000000000000000000000000000000000000000000000,
000000000000000000000000000000000000000000000000000000000000000000000000000000000000000000000000000000000000000000000000,
000000000000000000000000000000000000000000000000000000000000000000000000000000000000000000000000000000000000000000000000,
000000000000000000000000000000000000000000000000000000000000000000000000000000000000000000000000000000000000000000000000,
000000000000000000000000000000000000000000000000000000000000000000000000000000000000000000000000000000000000000000000000,
000000000000000000000000000000000000000000000000000000000000000000000000000000000000000000000000000000000000000000000000,
000000000000000000000000000000000000000000000000000000000000000000000000000000000000000000000000000000000000000000000000,
000000000000000000000000000000000000000000000000000000000000000000000000000000000000000000000000000000000000000000000000,
000000000000000000000000000000000000000000000000000000000000000000000000000000000000000000000000000000000000000000000000,
000000000000000000000000000000000000000000000000000000000000000000000000000000000000000000000000000000000000000000000000,
000000000000000000000000000000000000000000000000000000000000000000000000000000000000000000000000000000000000000000000000,
000000000000000000000000000000000000000000000000000000000000000000000000000000000000000000000000000000000000000000000000,
000000000000000000000000000000000000000000000000000000000000000000000000000000000000000000000000000000000000000000000000,
000000000000000000000000000000000000000000000000000000000000000000000000000000000000000000000000000000000000000000000000,
000000000000000000000000000000000000000000000000000000000000000000000000000000000000000000000000000000000000000000000000,
000000000000000000000000000000000000000000000000000000000000000000000000000000000000000000000000000000000000000000000000,
000000000000000000000000000000000000000000000000000000000000000000000000000000000000000000000000000000000000000000000000,
000000000000000000000000000000000000000000000000000000000000000000000000000000000000000000000000000000000000000000000000,
000000000000000000000000000000000000000000000000000000000000000000000000000000000000000000000000000000000000000000000000,
000000000000000000000000000000000000000000000000000000000000000000000000000000000000000000000000000000000000000000000000,
000000000000000000000000000000000000000000000000000000000000000000000000000000000000000000000000000000000000000000000000,
000000000000000000000000000000000000000000000000000000000000000000000000000000000000000000000000000000000000000000000000,
000000000000000000000000000000000000000000000000000000000000000000000000000000000000000000000000000000000000000000000000,
000000000000000000000000000000000000000000000000000000000000000000000000000000000000000000000000000000000000000000000000,
000000000000000000000000000000000000000000000000000000000000000000000000000000000000000000000000000000000000000000000000,
000000000000000000000000000000000000000000000000000000000000000000000000000000000000000000000000000000000000000000000000,
000000000000000000000000000000000000000000000000000000000000000000000000000000000000000000000000000000000000000000000000,
000000000000000000000000000000000000000000000000000000000000000000000000000000000000000000000000000000000000000000000000,
000000000000000000000000000000000000000000000000000000000000000000000000000000000000000000000000000000000000000000000000,
000000000000000000000000000000000000000000000000000000000000000000000000000000000000000000000000000000000000000000000000,
000000000000000000000000000000000000000000000000000000000000000000000000000000000000000000000000000000000000000000000000,
000000000000000000000000000000000000000000000000000000000000000000000000000000000000000000000000000000000000000000000000,
000000000000000000000000000000000000000000000000000000000000000000000000000000000000000000000000000000000000000000000000,
000000000000000000000000000000000000000000000000000000000000000000000000000000000000000000000000000000000000000000000000,
000000000000000000000000000000000000000000000000000000000000000000000000000000000000000000000000000000000000000000000000,
000000000000000000000000000000000000000000000000000000000000000000000000000000000000000000000000000000000000000000000000,
000000000000000000000000000000000000000000000000000000000000000000000000000000000000000000000000000000000000000000000000,
000000000000000000000000000000000000000000000000000000000000000000000000000000000000000000000000000000000000000000000000,
000000000000000000000000000000000000000000000000000000000000000100000000000000000000000000000001000000000000000000000000,
000101020100010001000100000100000002000000000000000000010000000000000000000100000000000000000000010000000100000000010000,
000000000001000000000000000001000000000001000000010000000000020000010000010001010001020001000100010000000000010000010002,
000100000100010001000100000201000001000001000000000100010000020001000100010001000001000002000001000001000100000001000100,
000201000001000100000100000100000200010000000100000100000000010000000001000000000000010100000000000100000000000000000100,
000001000000000100000000010000000000000002000000000000000100000000000100000000000100000000000000000000000100000000000000,
000000010000000000000000000000000000000000000000000000000000000000000000000000000000000000000000000000000000000100000001,
000000000000000000000000000000000000000000000000000000000000000000000000000000000001000000000000000000000000000000000000,
000000000000000000000000000000000000000000000000000000000000000000000000000000000000000000000000000000000000000000000000,
000000000000000000000000000000000000000000000000000000000000000000000000000000000000000000000000000000000000000000000000,
000000000000000000000000000000000000000000000000000000000000000000000000000000000000000000000000000000000000000000000000,
000000000000000000000000000000000000000000000000000000000000000000000000000000000000000000000000000000000000000000000000,
000000000000000000000000000000000000000000000000000000000000000000000000000000000000000000000000000000000000000000000000,
000000000000000000000000000000000000000000000000000000000000000000000000000000000000000000000000000000000000000000000000,
000000000000000000000000000000000000000000000000000000000000000000000000000000000000000000000000000000000000000000000000,
000000000000000000000000000000000000000000000000000000000000000000000000000000000000000000000000000000000000000000000000,
000000000000000000000000000000000000000000000000000000000000000000000000000000000000000000000000000000000000000000000000,
000000000000000000000000000000000000000000000000000000000000000000000000000000000000000000000000000000000000000000000000,
000000000000000000000000000000000000000000000000000000000000000000000000000000000000000000000000000000000000000000000000,
000000000000000000000000000000000000000000000000000000000000000000000000000000000000000000000000000000000000000000000000,
000000000000000000000000000000000000000000000000000000000000000000000000000000000000000000000000000000000000000000000000,
000000000000000000000000000000000000000000000000000000000000000000000000000000000000000000000000000000000000000000000000,
000000000000000000000000000000000000000000000000000000000000000000000000000000000000000000000000000000000000000000000000,
000000000000000000000000000000000000000000000000000000000000000000000000000000000000000000000000000000000000000000000000,
000000000000000000000000000000000000000000000000000000000000000000000000000000000000000000000000000000000000000000000000,
000000000000000000000000000000000000000000000000000000000000000000000000000000000000000000000000000000000000000000000000,
000000000000000000000000000000000000000000000000000000000000000000000000000000000000000000000000000000000000000000000000,
000000000000000000000000000000000000000000000000000000000000000000000000000000000000000000000000000000000000000000000000,
000000000000000000000000000000000000000000000000000000000000000000000000000000000000000000000000000000000000000000000000,
000000000000000000000000000000000000000000000000000000000000000000000000000000000000000000000000000000000000000000000000,
000000000000000000000000000000000000000000000000000000000000000000000000000000000000000000000000000000000000000000000000,
000000000000000000000000000000000000000000000000000000000000000000000000000000000000000000000000000000000000000000000000,
000000000000000000000000000000000000000000000000000000000000000000000000000000000000000000000000000000000000000000000000,
000000000000000000000000000000000000000000000000000000000000000000000000000000000000000000000000000000000000000000000000,
000000000000000000000000000000000000000000000000000000000000000000000000000000000000000000000000000000000000000000000000,
000000000000000000000000000000000000000000000000000000000000000000000000000000000000000000000000000000000000000000000000,
000000000000000000000000000000000000000000000000000000000000000000000000000000000000000000000000000000000000000000000000,
000000000000000000000000000000000000000000000000000000000000000000000000000000000000000000000000000000000000000000000000,
000000000000000000000000000000000000000000000000000000000000000000000000000000000000000000000000000000000000000000000000,
000000000000000000000000000000000000000000000000000000000000000000000000000000000000000000000000000000000000000000000000,
000000000000000000000000000000000000000000000000000000000000000000000000000000000000000000000000000000000000000000000000,
000000000000000000000000000000000000000000000000000000000000000000000000000000000000000000000000000000000000000000000000,
000000000000000000000000000000000000000000000000000000000000000000000000000000000000000000000000000000000000000000000000,
000000000000000000000000000000000000000000000000000000000000000000000000000000000000000000000000000000000000000000000000,
000000000000000000000000000000000000000000000000000000000000000000000000000000000000000000000000000000000000000000000000,
000000000000000000000000000000000000000000000000000000000000000000000000000000000000000000000000000000000000000000000000,
000000000000000000000000000000000000000000000000000000000000000000000000000000000000000000000000000000000000000000000000,
000000000000000000000000000000000000000000000000000000000000000000000000000000000000000000000000000000000000000000000000,
000000000000000000000000000000000000000000000000000000000000000000000000000000000000000000000000000000000000000000000000,
000000000000000000000000000000000000000000000000000000000000000000000000000000000000000000000000000000000000000000000000,
000000000000000000000000000000000000000000000000000000000000000000000000000000000000000000000000000000000000000000000000,
000000000000000000000000000000000000000000000000000000000000000000000000000000000000000000000000000000000000000000000000,
000000000000000000000000000000000000000000000000000000000000000000000000000000000000000000000000000000000000000000000000,
000000000000000000000000000000000000000000000000000000000000000000000000000000000000000000000000000000000000000000000000,
000000000000000000000000000000000000000000000000000000000000000000000000000000000000000000000000000000000000000000000000,
000000000000000000000000000000000000000000000000000000000000000000000000000000000000000000000000000000000000000000000000,
000000000000000000000000000000000000000000000000000000000000000000000000000000000000000000000000000000000000000000000000,
000000000000000000000000000000000000000000000000000000000000000000000000000000000000000000000000000000000000000000000000,
000000000000000000000000000000000000000000000000000000000000000000000000000000000000000000000000000000000000000000000000,
000000000000000000000000000000000000000000000000000000000000000000000000000000000000000000000000000000000000000000000000,
000000000000000000000000000000000000000000000000000000000000000000000000000000000000000000000000000000000000000000000000,
000000000000000000000000000000000000000000000000000000000000000000000000000000000000000000000000000000000000000000000000,
000000000000000000000000000000000000000000000000000000000000000000000000000000000000000000000000000000000000000000000000,
000000000000000000000000000000000000000000000000000000000000000000000000000000000000000000000000000000000000000000000000,
000000000000000000000000000000000000000000000000000000000000000000000000000000000000000000000000000000000000000000000000,
000000000000000000000000000000000000000000000000000000000000000000000000000000000000000000000000000000000000000000000000,
000000000000000000000000000000000000000000000000000000000000000000000000000000000000000000000000000000000000000000000000,
000000000000000000000000000000000000000000000000000000000000000000000000000000000000000000000000000000000000000000000000,
000000000000000000000000000000000000000000000000000000000000000000000000000000000000000000000000000000000000000000000000,
000000000000000000000000000000000000000000000000000000000000000000000000000000000000000000000000000000000000000000000000,
000000000000000000000000000000000000000000000000000000000000000000000000000000000000000000000000000000000000000000000000,
000000000000000000000000000000000000000000000000000000000000000000000000000000000000000000000000000000000000000000000000,
000000000000000000000000000000000000000000000000000000000000000000000000000000000000000000000000000000000000000000000000,
000000000000000000000000000000000000000000000000000000000000000000000000000000000000000000000000000000000000000000000000,
000000000000000000000000000000000000000000000000000000000000000000000000000000000000000000000000000000000000000000000000,
000000000000000000000000000000000000000000000000000000000000000000000000000000000000000000000000000000000000000000000000,
000000000000000000000000000000000000000000000000000000000000000000000000000000000000000000000000000000000000000000000000,
000000000000000000000000000000000000000000000000000000000000000000000000000000000000000000000000000000000000000000000000,
000000000000000000000000000000000000000000000000000000000000000000000000000000000000000000000000000000000000000000000000,
000000000000000000000000000000000000000000000000000000000000000000000000000000000000000000000000000000000000000000000000,
000000000000000000000000000000000000000000000000000000000000000000000000000000000000000000000000000000000000000000000000,
000000000000000000000000000000000000000000000000000000000000000000000000000000000000000000000000000000000000000000000000,
000000000000000000000000000000000000000000000000000000000000000000000000000000000000000000000000000000000000000000000000,
000000000000000000000000000000000000000000000000000000000000000000000000000000000000000000000000000000000000000000000000,
000000000000000000000000000000000000000000000000000000000000000000000000000000000000000000000000000000000000000000000000,
000000000000000000000000000000000000000000000000000000000000000000000000000000000000000000000000000000000000000000000000,
000000000000000000000000000000000000000000000000000000000000000000000000000000000000000000000000000000000000000000000000,
000000000000000000000000000000000000000000000000000000000000000000000000000000000000000000000000000000000000000000000000,
000000000000000000000000000000000000000000000000000000000000000000000000000000000000000000000000000000000000000000000000,
000000000000000000000000000000000000000000000000000000000000000000000000000000000000000000000000000000000000000000000000,
000000000000000000000000000000000000000000000000000000000000000000000000000000000000000000000000000000000000000000000000,
000000000000000000000000000000000000000000000000000000000000000000000000000000000000000000000000000000000000000000000000,
000000000000000000000000000000000000000000000000000000000000000000000000000000000000000000000000000000000000000000000000,
000000000000000000000000000000000000000000000000000000000000000000000000000000000000000000000000000000000000000000000000,
000000000000000000000000000000000000000000000000000000000000000000000000000000000000000000000000000000000000000000000000,
000000000000000000000000000000000000000000000000000000000000000000000000000000000000000000000000000000000000000000000000,
000000000000000000000000000000000000000000000000000000000000000000000000000000000000000000000000000000000000000000000000,
000000000000000000000000000000000000000000000000000000000000000000000000000000000000000000000000000000000000000000000000,
000000000000000000000000000000000000000000000000000000000000000000000000000000000000000000000000000000000000000000000000,
000000000000000000000000000000000000000000000000000000000000000000000000000000000000000000000000000000000000000000000000,
000000000000000000000000000000000000000000000000000000000000000000000000000000000000000000000000000000000000000000000000,
000000000000000000000000000000000000000000000000000000000000000000000000000000000000000000000000000000000000000000000000,
000000000000000000000000000000000000000000000000000000000000000000000000000000000000000000000000000000000000000000000000,
000000000000000000000000000000000000000000000000000000000000000000000000000000000000000000000000000000000000000000000000,
000000000000000000000000000000000000000000000000000000000000000000000000000000000000000000000000000000000000000000000000,
000000000000000000000000000000000000000000000000000000000000000000000000000000000000000000000000000000000000000000000000,
000000000000000000000000000000000000000000000000000000000000000000000000000000000000000000000000000000000000000000000000,
000000000000000000000000000000000000000000000000000000000000000000000000000000000000000000000000000000000000000000000000,
000000000000000000000000000000000000000000000000000000000000000000000000000000000000000000000000000000000000000000000000,
000000000000000000000000000000000000000000000000000000000000000000000000000000000000000000000000000000000000000000000000,
000000000000000000000000000000000000000000000000000000000000000000000000000000000000000000000000000000000000000000000000,
000000000000000000000000000000000000000000000000000000000000000000000000000000000000000000000000000000000000000000000000,
000000000000000000000000000000000000000000000000000000000000000000000000000000000000000000000000000000000000000000000000,
000000000000000000000000000000000000000000000000000000000000000000000000000000000000000000000000000000000000000000000000,
000000000000000000000000000000000000000000000000000000000000000000000000000000000000000000000000000000000000000000000000,
000000000000000000000000000000000000000000000000000000000000000000000000000000000000000000000000000000000000000000000000,
000000000000000000000000000000000000000000000000000000000000000000000000000000000000000000000000000000000000000000000000,
000000000000000000000000000000000000000000000000000000000000000000000000000000000000000000000000000000000000000000000000,
000000000000000000000000000000000000000000000000000000000000000000000000000000000000000000000000000000000000000000000000,
000000000000000000000000000000000000000000000000000000000000000000000000000000000000000000000000000000000000000000000000,
000000000000000000000000000000000000000000000000000000000000000000000000000000000000000000000000000000000000000000000000,
000000000000000000000000000000000000000000000000000000000000000000000000000000000000000000000000000000000000000000000000,
000000000000000000000000000000000000000000000000000000000000000000000000000000000000000000000000000000000000000000000000,
000000000000000000000000000000000000000000000000000000000000000000000000000000000000000000000000000000000000000000000000,
000000000000000000000000000000000000000000000000000000000000000000000000000000000000000000000000000000000000000000000000,
000000000000000000000000000000000000000000000000000000000000000000000000000000000000000000000000000000000000000000000000,
000000000000000000000000000000000000000000000000000000000000000000000000000000000000000000000000000000000000000000000000,
000000000000000000000000000000000000000000000000000000000000000000000000000000000000000000000000000000000000000000000000,
000000000000000000000000000000000000000000000000000000000000000000000000000000000000000000000000000000000000000000000000,
000000000000000000000000000000000000000000000000000000000000000000000000000000000000000000000000000000000000000000000000,
000000000000000000000000000000000000000000000000000000000000000000000000000000000000000000000000000000000000000000000000,
000000000000000000000000000000000000000000000000000000000000000000000000000000000000000000000000000000000000000000000000,
000000000000000000000000000000000000000000000000000000000000000000000000000000000000000000000000000000000000000000000000,
000000000000000000000000000000000000000000000000000000000000000000000000000000000000000000000000000000000000000000000000,
000000000000000000000000000000000000000000000000000000000000000000000000000000000000000000000000000000000000000000000000,
000000000000000000000000000000000000000000000000000000000000000000000000000000000000000000000000000000000000000000000000,
000000000000000000000000000000000000000000000000000000000000000000000000000000000000000000000000000000000000000000000000,
000000000000000000000000000000000000000000000000000000000000000000000000000000000000000000000000000000000000000000000000,
000000000000000000000000000000000000000000000000000000000000000000000000000000000000000000000000000000000000000000000000,
000000000000000000000000000000000000000000000000000000000000000000000000000000000000000000000000000000000000000000000000,
000000000000000000000000000000000000000000000000000000000000000000000000000000000000000000000000000000000000000000000000,
000000000000000000000000000000000000000000000000000000000000000000000000000000000000000000000000000000000000000000000000,
000000000000000000000000000000000000000000000000000000000000000000000000000000000000000000000000000000000000000000000000,
000000000000000000000000000000000000000000000000000000000000000000000000000000000000000000000000000000000000000000000000,
000000000000000000000000000000000000000000000000000000000000000000000000000000000000000000000000000000000000000000000000,
000000000000000000000000000000000000000000000000000000000000000000000000000000000000000000000000000000000000000000000000,
000000000000000000000000000000000000000000000000000000000000000000000000000000000000000000000000000000000000000000000000,
000000000000000000000000000000000000000000000000000000000000000000000000000000000000000000000000000000000000000000000000,
000000000000000000000000000000000000000000000000000000000000000000000000000000000000000000000000000000000000000000000000,
000000000000000000000000000000000000000000000000000000000000000000000000000000000000000000000000000000000000000000000000,
000000000000000000000000000000000000000000000000000000000000000000000000000000000000000000000000000000000000000000000000,
000000000000000000000000000000000000000000000000000000000000000000000000000000000000000000000000000000000000000000000000,
000000000000000000000000000000000000000000000000000000000000000000000000000000000000000000000000000000000000000000000000,
000000000000000000000000000000000000000000000000000000000000000000000000000000000000000000000000000000000000000000000000,
000000000000000000000000000000000000000000000000000000000000000000000000000000000000000000000000000000000000000000000000,
000000000000000000000000000000000000000000000000000000000000000000000000000000000000000000000000000000000000000000000000,
000000000000000000000000000000000000000000000000000000000000000000000000000000000000000000000000000000000000000000000000,
000000000000000000000000000000000000000000000000000000000000000000000000000000000000000000000000000000000000000000000000,
000000000000000000000000000000000000000000000000000000000000000000000000000000000000000000000000000000000000000000000000,
000000000000000000000000000000000000000000000000000000000000000000000000000000000000000000000000000000000000000000000000,
000000000000000000000000000000000000000000000000000000000000000000000000000000000000000000000000000000000000000000000000,
000000000000000000000000000000000000000000000000000000000000000000000000000000000000000000000000000000000000000000000000,
000000000000000000000000000000000000000000000000000000000000000000000000000000000000000000000000000000000000000000000000,
000000000000000000000000000000000000000000000000000000000000000000000000000000000000000000000000000000000000000000000000,
000000000000000000000000000000000000000000000000000000000000000000000000000000000000000000000000000000000000000000000000,
000000000000000000000000000000000000000000000000000000000000000000000000000000000000000000000000000000000000000000000000,
000000000000000000000000000000000000000000000000000000000000000000000000000000000000000000000000000000000000000000000000,
000000000000000000000000000000000000000000000000000000000000000000000000000000000000000000000000000000000000000000000000,
000000000000000000000000000000000000000000000000000000000000000000000000000000000000000000000000000000000000000000000000,
000000000000000000000000000000000000000000000000000000000000000000000000000000000000000000000000000000000000000000000000,
000000000000000000000000000000000000000000000000000000000000000000000000000000000000000000000000000000000000000000000000,
000000000000000000000000000000000000000000000000000000000000000000000000000000000000000000000000000000000000000000000000,
000000000000000000000000000000000000000000000000000000000000000000000000000000000000000000000000000000000000000000000000,
000000000000000000000000000000000000000000000000000000000000000000000000000000000000000000000000000000000000000000000000,
000000000000000000000000000000000000000000000000000000000000000000000000000000000000000000000000000000000000000000000000,
000000000000000000000000000000000000000000000000000000000000000000000000000000000000000000000000000000000000000000000000,
000000000000000000000000000000000000000000000000000000000000000000000000000000000000000000000000000000000000000000000000,
000000000000000000000000000000000000000000000000000000000000000000000000000000000000000000000000000000000000000000000000,
000000000000000000000000000000000000000000000000000000000000000000000000000000000000000000000000000000000000000000000000,
000000000000000000000000000000000000000000000000000000000000000000000000000000000000000000000000000000000000000000000000,
000000000000000000000000000000000000000000000000000000000000000000000000000000000000000000000000000000000000000000000000,
000000000000000000000000000000000000000000000000000000000000000000000000000000000000000000000000000000000000000000000000,
000000000000000000000000000000000000000000000000000000000000000000000000000000000000000000000000000000000000000000000000,
000000000000000000000000000000000000000000000000000000000000000000000000000000000000000000000000000000000000000000000000,
000000000000000000000000000000000000000000000000000000000000000000000000000000000000000000000000000000000000000000000000,
000000000000000000000000000000000000000000000000000000000000000000000000010001010101000100000001000000000000000000000000,
010000000100000000000102020101000100000000010000010002010200010000000000000100010001000000010000000001000000000000000000,
010000000001000000000000000000000000000000000000000000000000000000000000000001000000000000000000000000010000010100010000,
010200010100010100010001010101010001010100010200010101020102030503040303020203020203010202020202040202030303030402020402,
010202020102040201030102020202010202030706050201030101020201010101010101010101010001000001000100020001010001010001000101,
020102010102010000010001000000010001000001000100020101000001000000000100000100010202010100010101020101010102010000010001,
010203020100010103010101010200020101010001000101010000010100000000010000010000000000000000000000000000000000000000000000,
000000000000000001000000000000000000000000000000000000000000000000000000000000000000000000000000000000000000000000000000,
000000000000000001000000010001000100000000000001010000000001000000000000000000000000000000000000000000000000000000000000,
000000000000000000000000000000000000000000000000010100010103030101010100010000000000000000000002000000000000000000000000,
000000000000000000000000000000000000000000000000000000010000000000010000000100000001000000010000000000010100000000000000,
000000000000000000010000000000000000000000000000000000000000000000000000000000000000000000000000000000000000000000000000,
000000010000000000000000000000000000000000000000000000000000000000000000000000000000000000000000000000000000000000000000,
000000000000000000000000000000000000000000000000000000000000000000000000000000000000000000000000000000000000000000000000,
000000000000000000000000000000000000000000000000000100000000000000000000000001000001000001000001000201000101000100010001,
020201010302020102010101000101000102000101000100000100000100000100010201020001010000020000000100000000000000010000000100,
000001000001000000000000020000000000000000000001000000000000000000000100000000010000000000000001000000000000000001000000,
010101010101000001000201010001000101000002000100010000010000010000010000010100020101010101000101000000010000000000000000,
010000000001000000000000000001010000010000000100010000000100000000000000010000000000000000000000000000000000000000000000,
000000000000000100000000000100000000000000000000000000010000000000000000000000000000000100000200010001000001000000000000,
000000000000000000000100000000000000000000000000000000000000000001000000000100000001000000000101000000000000000000000000,
010000000000000000000000000000010001000001000100010000010000010001000002000000000100000000000000000100000000010000000000,
000000000001000000000001000001000200000100000001000000000100000100000100000100000002000000010001000100000000010000000000,
000000000000000000000001000000000000000100000000000001010101020101020201010101010001000100010001000101000000000100010001,
000100000001000000000001000000000000000000000000000100000000000000000000000000000001000000000000000000000000000000000000,
000000000000000000000000000000000000000000000000000000000000000000000000000000010000000000000000000000000000000000000000,
000000000000000000000000000000000000000000000000000000000000000000000000000000000000000000000000000000000000000000000000,
000000000000000000000000000000000000000000000000000000000000000000000000000000000000000000000000000000000000000000000000,
000000000000000000000000000000000000000000000000000000000000000000000000000000000000000000000000000000000000000000000000,
000000010001010001000001000000000001000000000000000000000100000000000000010000000001000001000000010001000100000100000100,
010101010101000100020100010001000001000100010100010000010000010000010000000100000000000000020000000000000000000000000000,
000000000000000001000000000000000000000000000000000000000000000000000000000000000000000000000001000000000000000000000000,
000000000000000000000000000000000000000000000000000000000000000000000000000000000000000000000001000000000000000000000000,
000000000000000000000000000000000000000000000000000000000100000000000000000000000000000000000000000100000000000000000000,
000000000000000000000000000000000000000000000000000000000000000000000000000000000000000000000000010000000000000000000000,
000000000000000000000000000000000000000000000000000000000000000000000000000000000000000000000000000000000000000000000000,
000000000000000000000000000000000000000000000000000000000000000000000000000000000000000000000000000000000000000000000000,
000000000000000000000000000000000000000000000000000000000000000000000000000000000000000000000000000000000000000000000000,
000000000000000000000000000000000000000000000000000000000000000000000001000000000000000000000000000000000000000000000000,
000000000000000000000000000000000000000000000000000000000000000000000000000000000000000000000000000000000000000000000000,
000000000000000000000000000000000000000000000000000000000000000000000000000000000000000000000000000000000000000000000000,
000000000000000000000000000000000000000000000000000000000000000000000000000000000000000000000000000000000000000000000000,
000000000000000000000000000000000000000000000000000000000000000000000000000000000000000000000000000000000000000000000000,
000000000000000000000000000000000000000000000000000000000000000000000000000000000000000000000000000000000000000000000000,
000000000000000000000000000000000000000000000000000000000000000000000000000000000000000000000000000000000000000000000000,
000000000000000000000000000000000000000000000000000000000000000000000000000000000000000000000000000000000000000000000000,
000000000000000000000000000000000000000000000000000000000000000000000000000000000000000000000000000000000000000000000000,
000000000000000000000000000000000000000000000000000000000000000000000000000000000000000000000000000000000000000000000000,
000000000000000000000000000000000000000000000000000000000000000000000000000000000000000000000000000000000000000000000000,
000000000000000000000000000000000000000000000000000000000000000000000000000000000000000000000000000000000000000000000000,
000000000000000000000000000000000000000000000000000000000000000000000000000000000000000000000000000000000000000000000000,
000000000000000000000000000000000000000000000000000000000000000000000000000000000000000000000000000000000000000000000000,
000000000000000000000000000000000000000000000000000000000000000000000000000000000000000000000000000000000000000000000000,
000000000000000000000000000000000000000000000000000000000000000000000000000000000000000000000000000000000000000000000000,
000000000000000000000000000000000000000000000000000000000000000000000000000000000000000000000000000000000000000000000000,
000000000000000000000000000000000000000000000000000000000000000000000000000000000000000000000000000000000000000000000000,
000000000000000000000000000000000000000000000000000000000000000000000000000000000000000000000000000000000000000000000000,
000000000000000000000000000000000000000000000000000000000000000000000000000000000000000000000000000000000000000000000000,
000000000000000000000000000000000000000000000000000000000000000000000000000000000000000000000000000000000000000000000000,
000000000000000000000000000000000000000000000000000000000000000000000000000000000000000000000000000000000000000000000000,
000000000000000000000000000000000000000000000000000000000000000000000000000000000000000000000000000000000000000000000000,
000000000000000000000000000000000000000000000000000000000000000000000000000000000000000000000000000000000000000000000000,
000000000000000000000000000000000000000000000000000000000000000000000000000000000000000000000000000000000000000000000000,
000000000000000000000000000000000000000000000000000000000000000000000000000000000000000000000000000000000000000000000000,
000000000000000000000000000000000000000000000000000000000000000000000000000000000000000000000000000000000000000000000000,
000000000000000000000000000000000000000000000000000000000000000000000000000000000000000000000000000000000000000000000000,
000000000000000000000000000000000000000000000000000000000000000000000000000000000000000000000000000000000000000000000000,
000000000000000000000000000000000000000000000000000000000000000000000000000000000000000000000000000000000000000000000000,
000000000000000000000000000000000000000000000000000000000000000000000000000000000000000000000000000000000000000000000000,
000000000000000000000000000000000000000000000000000000000000000000000000000000000000000000000000000000000000000000000000,
000000000000000000000000000000000000000000000000000000000000000000000000000000000000000000000000000000000000000000000000,
000000000000000000000000000000000000000000000000000000000000000000000000000000000000000000000000000000000000000000000000,
000000000000000000000000000000000000000000000000000000000000000000000000000000000000000000000000000000000000000000000000,
000000000000000000000000000000000000000000000000000000000000000000000000000000000000000000000000000000000000000000000000,
000000000000000000000000000000000000000000000000000000000000000000000000000000000000000000000000000000000000000000000000,
000000000000000000000000000000000000000000000000000000000000000000000000000000000000000000000000000000000000000000000000,
000000000000000000000000000000000000000000000000000000000000000000000000000000000000000000000000000000000000000000000000,
000000000000000000000000000000000000000000000000000000000000000000000000000000000000000000000000000000000000000000000000,
000000000000000000000000000000000000000000000000000000000000000000000000000000000000000000000000000000000000000000000000,
000000000000000000000000000000000000000000000000000000000000000000000000000000000000000000000000000000000000000000000000,
000000000000000000000000000000000000000000000000000000000000000000000000000000000000000000000000000000000000000000000000,
000000000000000000000000000000000000000000000000000000000000000000000000000000000000000000000000000000000000000000000000,
000000000000000000000000000000000000000000000000000000000000000000000000000000000000000000000000000000000000000000000000,
000000000000000000000000000000000000000000000000000000000000000000000000000000000000000000000000000000000000000000000000,
000000000000000000000000000000000000000000000000000000000000000000000000000000000000000000000000000000000000000000000000,
000000000000000000000000000000000000000000000000000000000000000000000000000000000000000000000000000000000000000000000000,
000000000000000000000000000000000000000000000000000000000000000000000000000000000000000000000000000000000000000000000000,
000000000000000000000000000000000000000000000000000000000000000000000000000000000000000000000000000000000000000000000000,
000000000000000000000000000000000000000000000000000000000000000000000000000000000000000000000000000000000000000000000000,
000000000000000000000000000000000000000000000000000000000000000000000000000000000000000000000000000000000000000000000000,
000000000000000000000000000000000000000000000000000000000000000000000000000000000000000000000000000000000000000000000000,
000000000000000000000000000000000000000000000000000000000000000000000000000000000000000000000000000000000000000000000000,
000000000000000000000000000000000000000000000000000000000000000000000000000000000000000000000000000000000000000000000000,
000000000000000000000000000000000000000000000000000000000000000000000000000000000000000000000000000000000000000000000000,
000000000000000000000000000000000000000000000000000000000000000000000000000000000000000000000000000000000000000000000000,
000000000000000000000000000000000000000000000000000000000000000000000000000000000000000000000000000000000000000000000000,
000000000000000000000000000000000000000000000000000000000000000000000000000000000000000000000000000000000000000000000000,
000000000000000000000000000000000000000000000000000000000000000000000000000000000000000000000000000000000000000000000000,
000000000000000000000000000000000000000000000000000000000000000000000000000000000000000000000000000000000000000000000000,
000000000000000000000000000000000000000000000000000000000000000000000000000000000000000000000000000000000000000000000000,
000000000000000000000000000000000000000000000000000000000000000000000000000000000000000000000000000000000000000000000000,
000000000000000000000000000000000000000000000000000000000000000000000000000000000000000000000000000000000000000000000000,
000000000000000000000000000000000000000000000000000000000000000000000000000000000000000000000000000000000000000000000000,
000000000000000000000000000000000000000000000000000000000000000000000000000000000000000000000000000000000000000000000000,
000000000000000000000000000000000000000000000000000000000000000000000000000000000000000000000000000000000000000000000000,
000000000000000000000000000000000000000000000000000000000000000000000000000000000000000000000000000000000000000000000000,
000000000000000000000000000000000000000000000000000000000000000000000000000000000000000000000000000000000000000000000000,
000000000000000000000000000000000000000000000000000000000000000000000000000000000000000000000000000000000000000000000000,
000000000000000000000000000000000000000000000000000001000506070808081008080807080705040503040303050303030302020302020203,
020203030302020202030101010101010000010000010001000000000000010000000100000000000100000100010000010001000100000101000102,
010001000100010000000100010000000001000001000000000100000000000000000100000000000000000000000000000000000000000000000000,
000000000000000000000000000000000000000000000000000000000000000000000000000000000000000000000000000000000000000000000000,
000000000000000000000000000000000000000000000000000000000000000000000000000000000000000000000000000000000000000000000000,
000000000000000000000000000000000000000000000000000000000000000000000000000000000000000000000000000000000000000000000000,
000000000000000000000000000000000000000000000000000000000000000000000000000000000000000000000000000000000000000000000000,
000000000000000000000000000000000000000000000000000000000000000000000000000000000000000000000000000000000000000000000000,
000000000000000000000000000000000000000000000000000000000000000000000000000000000000000000000000000000000000000000000000,
000000000000000000000000000000000000000000000000000000000000000000000000000000000000000000000000000000000000000000000000,
000000000000000000000000000000000000000000000000000000000000000000000000000000000000000000000000000000000000000000000000,
000000000000000000000000000000000000000000000000000000000000000000000000000000000000000000000000000000000000000000000000,
000000000000000000000000000000000000000000000000000000000000000000000000000000000000000000000000000000000000000000000000,
000000000000000000000000000000000000000000000000000000000000000000000000000000000000000000000000000000000000000000000000,
000000000000000000000000000000000000000000000000000000000000000000000000000000000000000000000000000000000000000000000000,
000000000000000000000000000000000000000000000000000000000000000000000000000000000000000000000000000000000000000000000000,
000000000000000000000000000000000000000000000000000000000000000000000000000000000000000000000000000000000000000000000000,
000000000000000000000000000000000000000000000000000000000000000000000000000000000000000000000000000000000000000000000000,
000000000000000000000000000000000000000000000000000000000000000000000000000000000000000000000000000000000000000000000000,
000000000000000000000000000000000000000000000000000000000000000000000000000000000000000000000000000000000000000000000000,
000000000000000000000000000000000000000000000000000000000000000000000000000000000000000000000000000000000000000000000000,
000000000000000000000000000000000000000000000000000000000000000000000000000000000000000000000000000000000000000000000000,
000000000000000000000000000000000000000000000000000000000000000000000000000000000000000000000000000000000000000000000000,
000000000000000000000000000000000000000000000000000000000000000000000000000000000000000000000000000000000000000000000000,
000000000000000000000000000000000000000000000000000000000000000000000000000000000000000000000000000000000000000000000000,
000000000000000000000000000000000000000000000000000000000000000000000000000000000000000000000000000000000000000000000000,
000000000000000000000000000000000000000000000000000000000000000000000000000000000000000000000000000000000000000000000000,
000000000000000000000000000000000000000000000000000000000000000000000000000000000000000000000000000000000000000000000000,
000000000000000000000000000000000000000000000000000000000000000000000000000000000000000000000000000000000000000000000000,
000000000000000000000000000000000000000000000000000000000000000000000000000000000000000000000000000000000000000000000000,
000000000000000000000000000000000000000000000000000000000000000000000000000000000000000000000000000000000000000000000000,
000000000000000000000000000000000000000000000000000000000000000000000000000000000000000000000000000000000000000000000000,
000000000000000000000000000000000000000000000000000000000000000000000000000000000000000000000000000000000000000000000000,
000000000000000000000000000000000000000000000000000000000000000000000000000000000000000000000000000000000000000000000000,
000000000000000000000000000000000000000000000000000000000000000000000000000000000000000000000000000000000000000000000000,
000000000000000000000000000000000000000000000000000000000000000000000000000000000000000000000000000000000000000000000000,
000000000000000000000000000000000000000000000000000000000000000000000000000000000000000000000000000000000000000000000000,
000000000000000000000000000000000000000000000000000000000000000000000000000000000000000000000000000000000000000000000000,
000000000000000000000000000000000000000000000000000000000000000000000000000000000000000000000000000000000000000000000000,
000000000000000000000000000000000000000000000000000000000000000000000000000000000000000000000000000000000000000000000000,
000000000000000000000000000000000000000000000000000000000000000000000000000000000000000000000000000000000000000000000000,
000000000000000000000000000000000000000000000000000000000000000000000000000000000000000000000000000000000000000000000000,
000000000000000000000000000000000000000000000000000000000000000000000000000000000000000000000000000000000000000000000000,
000000000000000000000000000000000000000000000000000000000000000000000000000000000000000000000000000000000000000000000000,
000000000000000000000000000000000000000000000000000000000000000000000000000000000000000000000000000000000000000000000000,
000000000000000000000000000000000000000000000000000000000000000000000000000000000000000000000000000000000000000000000000,
000000000000000000000000000000000000000000000000000000000000000000000000000000000000000000000000000000000000000000000000,
000000000000000000000000000000000000000000000000000000000000000000000000000000000000000000000000000000000000000000000000,
000000000000000000000000000000000000000000000000000000000000000000000000000000000000000000000000000000000000000000000000,
000000000000000000000000000000000000000000000000000000000000000000000000000000000000000000000000000000000000000000000000,
000000000000000000000000000000000000000000000000000000000000000000000000000000000000000000000000000000000000000000000000,
000000000000000000000000000000000000000000000000000000000000000000000000000000000000000000000000000000000000000000000000,
000000000000000000000000000000000000000000000000000000000000000000000000000000000000000000000000000000000000000000000000,
000000000000000000000000000000000000000000000000000000000000000000000000000000000000000000000000000000000000000000000000,
000000000000000000000000000000000000000000000000000000000000000000000000000000000000000000000000000000000000000000000000,
000000000000000000000000000000000000000000000000000000000000000000000000000000000000000000000000000000000000000000000000,
000000000000000000000000000000000000000000000000000000000000000000000000000000000000000000000000000000000000000000000000,
000000000000000000000000000000000000000000000000000000000000000000000000000000000000000000000000000000000000000000000000,
000000000000000000000000000000000000000000000000000000000000000000000000000000000000000000000000000000000000000000000000,
000000000000000000000000000000000000000000000000000000000000000000000000000000000000000000000000000000000000000000000000,
000000000000000000000000000000000000000000000000000000000000000000000000000000000000000000000000000000000000000000000000,
000000000000000000000000000000000000000000000000000000000000000000000000000000000000000000000000000000000000000000000000,
000000000000000000000000000000000000000000000000000000000000000000000000000000000000000000000000000000000000000000000000,
000000000000000000000000000000000000000000000000000000000000000000000000000000000000000000000000000000000000000000000000,
000000000000000000000000000000000000000000000000000000000000000000000000000000000000000000000000000000000000000000000000,
000000000000000000000000000000000000000000000000000000000000000000000000000000000000000000000000000000000000000000000000,
000000000000000000000000000000000000000000000000000000000000000000000000000000000000000000000000000000000000000000000000,
000000000000000000000000000000000000000000000000000000000000000000000000000000000000000000000000000000000000000000000000,
000000000000000000000000000000000000000000000000000000000000000000000000000000000000000000000000000000000000000000000000,
000000000000000000000000000000000000000000000000010000010000010000000000000000000000000000000000000000000000000000000000,
000000000000000000000000000000000000000000000000000000000000000000000000000000000000000000000000000000000000000000000000,
000000000000000000000000000000000000000000000000000000000000000000000000000000000000000000000000000000000000000000000000,
000000000000000000000000000000000000000000000000000000000000000000000000000000000000000000000000000000000000000000000000,
000000000000000000000000000000000000000000000000000000000000000000000000000000000000000000000000000000000000000000000000,
000000000000000000000000000000000000000000000000000000000000000000000000000000000000000000000000000000000000000000000000,
000000000000000000000000000000000000000000000000000000000000000000000000000000000000000000000000000000000000000000000000,
000000000000000000000000000000000000000000000000000000000000000000000000000000000000000000000000000000000000000000000000,
000000000000000000000000000000000000000000000000000000000000000000000000000000000000000000000000000000000000000000000000,
000000000000000000000000000000000000000000000000000000000000000000000000000000000000000000000000000000000000000000000000,
000000000000000000000000000000000000000000000000000000000000000000000000000000000000000000000000000000000000000000000000,
000000000000000000000000000000000000000000000000000000000000000000000000000000000000000000000000000000000000000000000000,
000000000000000000000000000000000000000000000000000000000000000000000000000000000000000000000000000000000000000000000000,
000000000000000000000000000000000000000000000000000000000000000000000000000000000000000000000000000000000000000000000000,
000000000000000000000000000000000000000000000000000000000000000000000000000000000000000000000000000000000000000000000000,
000000000000000000000000000000000000000000000000000000000000000000000000000000000000000000000000000000000000000000000000,
000000000000000000000000000000000000000000000000000000000000000000000000000000000000000000000000000000000000000000000000,
000000000000000000000000000000000000000000000000000000000000000000000000000000000000000000000000000000000000000000000000,
000000000000000000000000000000000000000000000000000000000000000000000000000000000000000000000000000000000000000000000000,
000000000000000000000000000000000000000000000000000000000000000000000000000000000000000000000000000000000000000000000000,
000000000000000000000000000000000000000000000000000000000000000000000000000000000000000000000000000000000000000000000000,
000000000000000000000000000000000000000000000000000000000000000000000000000000000000000000000000000000000000000000000000,
000000000000000000000000000000000000000000000000000000000000000000000000000000000000000000000000000000000000000000000000,
000000000000000000000000000000000000000000000000000000000000000000000000000000000000000000000000000000000000000000000000,
000000000000000000000000000000000000000000000000000000000000000000000000000000000000000000000000000000000000000000000000,
000000000000000000000000000000000000000000000000000000000000000000000000000000000000000000000000000000000000000000000000,
000000000000000000000000000000000000000000000000000000000000000000000000000000000000000000000000000000000000000000000000,
000000000000000000000000000000000000000000000000000000000000000000000000000000000000000000000000000000000000000000000000,
000000000000000000000000000000000000000000000000000000000000000000000000000000000000000000000000000000000000000000000000,
000000000000000000000000000000000000000000000000000000000000000000000000000000000000000000000000000000000000000000000000,
000000000000000000000000000000000000000000000000000000000000000000000000000000000000000000000000000000000000000000000000,
000000000000000000000000000000000000000000000000000000000000000000000000000000000000000000000000000000000000000000000000,
000000000000000000000000000000000000000000000000000000000000000000000000000000000000000000000000000000000000000000000000,
000000000000000000000000000000000000000000000000000000000000000000000000000000000000000000000000000000000000000000000000,
000000000000000000000000000000000000000000000000000000000000000000000000000000000000000000000000000000000000000000000000,
000000000000000000000000000000000000000000000000000000000000000000000000000000000000000000000000000000000000000000000000,
000000000000000000000000000000000000000000000000000000000000000000000000000000000000000000000000000000000000000000000000,
000000000000000000000000000000000000000000000000000000000000000000000000000000000000000000000000000000000000000000000000,
000000000000000000000000000000000000000000000000000000000000000000000000000000000000000000000000000000000000000000000000,
000000000000000000000000000000000000000000000000000000000000000000000000000000000000000000000000000000000000000000000000,
000000000000000000000000000000000000000000000000000000000000000000000000000000000000000000000000000000000000000000000000,
000000000000000000000000000000000000000000000000000000000000000000000000000000000000000000000000000000000000000000000000,
000000000000000000000000000000000000000000000000000000000000000000000000000000000000000000000000000000000000000000000000,
000000000000000000000000000000000000000000000000000000000000000000000000000000000000000000000000000000000000000000000000,
000000000000000000000000000000000000000000000000000000000000000000000000000000000000000000000000000000000000000000000000,
000000000000000000000000000000000000000000000000000000000000000000000000000000000000000000000000000000000000000000000000,
000000000000000000000000000000000000000000000000000000000000000000000000000000000000000000000000000000000000000000000000,
000000000000000000000000000000000000000000000000000000000000000000000000000000000000000000000000000000000000000000000000,
000000000000000000000000000000000000000000000000000000000000000000000000000000000000000000000000000000000000000000000000,
000000000000000000000000000000000000000000000000000000000000000000000000000000000000000000000000000000000000000000000000,
000000000000000000000000000000000000000000000000000000000000000000000000000000000000000000000000000000000000000000000000,
=
F0