57071 2006   061122603449 3332    4 6670 3333    2--------------------------------------------------------------------------
3121000000000000000000000000000000000000000000000000000000000000000000000000000000000000000000000000000000000000000000000000
3122000000000000000000000000000000000000000000000000000000000000000000000000000000000000000000000000000000000000000000000000
3123000000000000000000000000000000000000000000000000000000000000000000000000000000000000000000000000000000000000000000000000
0100000000000000000000000000000000000000000000000000000000000000000000000000000000000000000000000000000000000000000000000000
0101000000000000000000000000000000000000000000000000000000000000000000000000000000000000000000000000000000000000000000000000
0102000000000000000000000000000000000000000000000000000000000000000000000000000000000000000000000000000000000000000000000000
0103000000000000000000000000000000000000000000000000000000000000000000000000000000000000000000000000000000000000000000000000
0104000000000000000000000000000000000000000000000000000000000000000000000000000000000000000000000000000000000000000000000000
0105000000000000000000000000000000000000000000000000000000000000000000000000000000000000000000000000000000000000000000000000
0106000000000000000000000000000000000000000000000000000000000000000000000000000000000000000000000000000000000000000000000000
0107000000000000000000000000000000000000000000000000000000000000000000000000000000000000000000000000000000000000000000000000
0108000000000000000000000000000000000000000000000000000000000000000000000000000000000000000000000000000000000000000000000000
0109000000000000000000000000000000000000000000000000000000000000000000000000000000000000000000000000000000000000000000000000
0110000000000000000000000000000000000000000000000000000000000000000000000000000000000000000000000000000000000000000000000000
0111000000000000000000000000000000000000000000000000000000000000000000000000000000000000000000000000000000000000000000000000
0112000000000000000000000000000000000000000000000000000000000000000000000000000000000000000000000000000000000000000000000000
0113000000000000000000000000000000000000000000000000000000000000000000000000000000000000000000000000000000000000000000000000
0114000000000000000000000000000000000000000000000000000000000000000000000000000000000000000000000000000000000000000000000000
0115000000000000000000000000000000000000000000000000000000000000000000000000000000000000000000000000000000000000000000000000
0116000000000000000000000000000000000000000000000000000000000000000000000000000000000000000000000000000000000000000000000000
0117000000000000000000000000000000000000000000000000000000000000000000000000000000000000000000000000000000000000000000000000
0118000000000000000000000000000000000000000000000000000000000000000000000000000000000000000000000000000000000000000000000000
0119000000000000000000000000000000000000000000000000000000000000000000000000000000000000000000000000000000000000000000000000
0120000000000000000000000000000000000000000000000000000000000000000000000000000000000000000000000000000000000000000000000000
0121000000000000000000000000000000000000000000000000000000000000000000000000000000000000000000000000000000000000000000000000
0122000000000000000000000000000000000000000000000000000000000000000000000000000000000000000000000000000000000000000000000000
0123000000000000000000000000000000000000000000000000000000000000000000000000000000000000000000000000000000000000000000000000
0200000000000000000000000000000000000000000000000000000000000000000000000000000000000000000000000000000000000000000000000000
0201000000000000000000000000000000000000000000000000000000000000000000000000000000000000000000000000000000000000000000000000
0202000000000000000000000000000000000000000000000000000000000000000000000000000000000000000000000000000000000000000000000000
0203000000000000000000000000000000000000000000000000000000000000000000000000000000000000000000000000000000000000000000000000
0204000000000000000000000000000000000000000000000000000000000000000000000000000000000000000000000000000000000000000000000000
0205000000000000000000000000000000000000000000000000000000000000000000000000000000000000000000000000000000000000000000000000
0206000000000000000000000000000000000000000000000000000000000000000000000000000000000000000000000000000000000000000000000000
0207000000000000000000000000000000000000000000000000000000000000000000000000000000000000000000000000000000000000000000000000
0208000000000000000000000000000000000000000000000000000000000000000000000000000000000000000000000000000000000000000000000000
0209000000000000000000000000000000000000000000000000000000000000000000000000000000000000000000000000000000000000000000000000
0210000000000000000000000000000000000000000000000000000000000000000000000000000000000000000000000000000000000000000000000000
0211000000000000000000000000000000000000000000000000000000000000000000000000000000000000000000000000000000000000000000000000
0212000000000000000000000000000000000000000000000000000000000000000000000000000000000000000000000000000000000000000000000000
0213000000000000000000000000000000000000000000000000000000000000000000000000000000000000000000000000000000000000000000000000
0214000000000000000000000000000000000000000000000000000000000000000000000000000000000000000000000000000000000000000000000000
0215000000000000000000000000000000000000000000000000000000000000000000000000000000000000000000000000000000000000000000000000
0216000000000000000000000000000000000000000000000000000000000000000000000000000000000000000000000000000000000000000000000000
0217000000000000000000000000000000000000000000000000000000000000000000000000000000000000000000000000000000000000000000000000
0218000000000000000000000000000000000000000000000000000000000000000000000000000000000000000000000000000000000000000000000000
0219000000000000000000000000000000000000000000000000000000000000000000000000000000000000000000000000000000000000000000000000
0220000000000000000000000000000000000000000000000000000000000000000000000000000000000000000000000000000000000000000000000000
0221000000000000000000000000000000000000000000000000000000000000000000000000000000000000000000000000000000000000000000000000
0222000000000000000000000000000000000000000000000000000000000000000000000000000000000000000000000000000000000000000000000000
0223000000000000000000000000000000000000000000000000000000000000000000000000000000000000000000000000000000000000000000000000
0300000000000000000000000000000000000000000000000000000000000000000000000000000000000000000000000000000000000000000000000000
0301000000000000000000000000000000000000000000000000000000000000000000000000000000000000000000000000000000000000000000000000
0302000000000000000000000000000000000000000000000000000000000000000000000000000000000000000000000000000000000000000000000000
0303000000000000000000000000000000000000000000000000000000000000000000000000000000000000000000000000000000000000000000000000
0304000000000000000000000000000000000000000000000000000000000000000000000000000000000000000000000000000000000000000000000000
0305000000000000000000000000000000000000000000000000000000000000000000000000000000000000000000000000000000000000000000000000
0306000000000000000000000000000000000000000000000000000000000000000000000000000000000000000000000000000000000000000000000000
0307000000000000000000000000000000000000000000000000000000000000000000000000000000000000000000000000000000000000000000000000
0308000000000000000000000000000000000000000000000000000000000000000000000000000000000000000000000000000000000000000000000000
0309000000000000000000000000000000000000000000000000000000000000000000000000000000000000000000000000000000000000000000000000
0310000000000000000000000000000000000000000000000000000000000000000000000000000000000000000000000000000000000000000000000000
0311000000000000000000000000000000000000000000000000000000000000000000000000000000000000000000000000000000000000000000000000
0312000000000000000000000000000000000000000000000000000000000000000000000000000000000000000000000000000000000000000000000000
0313000000000000000000000000000000000000000000000000000000000000000000000000000000000000000000000000000000000000000000000000
0314000000000000000000000000000000000000000000000000000000000000000000000000000000000000000000000000000000000000000000000000
0315000000000000000000000000000000000000000000000000000000000000000000000000000000000000000000000000000000000000000000000000
0316000000000000000000000000000000000000000000000000000000000000000000000000000000000000000000000000000000000000000000000000
0317000000000000000000000000000000000000000000000000000000000000000000000000000000000000000000000000000000000000000000000000
0318000000000000000000000000000000000000000000000000000000000000000000000000000000000000000000000000000000000000000000000000
0319000000000000000000000000000000000000000000000000000000000000000000000000000000000000000000000000000000000000000000000000
0320000000000000000000000000000000000000000000000000000000000000000000000000000000000000000000000000000000000000000000000000
0321000000000000000000000000000000000000000000000000000000000000000000000000000000000000000000000000000000000000000000000000
0322000000000000000000000000000000000000000000000000000000000000000000000000000000000000000000000000000000000000000000000000
0323000000000000000000000000000000000000000000000000000000000000000000000000000000000000000000000000000000000000000000000000
0400000000000000000000000000000000000000000000000000000000000000000000000000000000000000000000000000000000000000000000000000
0401000000000000000000000000000000000000000000000000000000000000000000000000000000000000000000000000000000000000000000000000
0402000000000000000000000000000000000000000000000000000000000000000000000000000000000000000000000000000000000000000000000000
0403000000000000000000000000000000000000000000000000000000000000000000000000000000000000000000000000000000000000000000000000
0404000000000000000000000000000000000000000000000000000000000000000000000000000000000000000000000000000000000000000000000000
0405000000000000000000000000000000000000000000000000000000000000000000000000000000000000000000000000000000000000000000000000
0406000000000000000000000000000000000000000000000000000000000000000000000000000000000000000000000000000000000000000000000000
0407000000000000000000000000000000000000000000000000000000000000000000000000000000000000000000000000000000000000000000000000
0408000000000000000000000000000000000000000000000000000000000000000000000000000000000000000000000000000000000000000000000000
0409000000000000000000000000000000000000000000000000000000000000000000000000000000000000000000000000000000000000000000000000
0410000000000000000000000000000000000000000000000000000000000000000000000000000000000000000000000000000000000000000000000000
0411000000000000000000000000000000000000000000000000000000000000000000000000000000000000000000000000000000000000000000000000
0412000000000000000000000000000000000000000000000000000000000000000000000000000000000000000000000000000000000000000000000000
0413000000000000000000000000000000000000000000000000000000000000000000000000000000000000000000000000000000000000000000000000
0414000000000000000000000000000000000000000000000000000000000000000000000000000000000000000000000000000000000000000000000000
0415000000000000000000000000000000000000000000000000000000000000000000000000000000000000000000000000000000000000000000000000
0416000000000000000000000000000000000000000000000000000000000000000000000000000000000000000000000000000000000000000000000000
0417000000000000000000000000000000000000000000000000000000000000000000000000000000000000000000000000000000000000000000000000
0418000000000000000000000000000000000000000000000000000000000000000000000000000000000000000000000000000000000000000000000000
0419000000000000000000000000000000000000000000000000000000000000000000000000000000000000000000000000000000000000000000000000
0420000000000000000000000000000000000000000000000000000000000000000000000000000000000000000000000000000000000000000000000000
0421000000000000000000000000000000000000000000000000000000000000000000000000000000000000000000000000000000000000000000000000
0422000000000000000000000000000000000000000000000000000000000000000000000000000000000000000000000000000000000000000000000000
0423000000000000000000000000000000000000000000000000000000000000000000000000000000000000000000000000000000000000000000000000
0500000000000000000000000000000000000000000000000000000000000000000000000000000000000000000000000000000000000000000000000000
0501000000000000000000000000000000000000000000000000000000000000000000000000000000000000000000000000000000000000000000000000
0502000000000000000000000000000000000000000000000000000000000000000000000000000000000000000000000000000000000000000000000000
0503000000000000000000000000000000000000000000000000000000000000000000000000000000000000000000000000000000000000000000000000
0504000000000000000000000000000000000000000000000000000000000000000000000000000000000000000000000000000000000000000000000000
0505000000000000000000000000000000000000000000000000000000000000000000000000000000000000000000000000000000000000000000000000
0506000000000000000000000000000000000000000000000000000000000000000000000000000000000000000000000000000000000000000000000000
0507000000000000000000000000000000000000000000000000000000000000000000000000000000000000000000000000000000000000000000000000
0508000000000000000000000000000000000000000000000000000000000000000000000000000000000000000000000000000000000000000000000000
0509000000000000000000000000000000000000000000000000000000000000000000000000000000000000000000000000000000000000000000000000
0510000000000000000000000000000000000000000000000000000000000000000000000000000000000000000000000000000000000000000000000000
0511000000000000000000000000000000000000000000000000000000000000000000000000000000000000000000000000000000000000000000000000
0512000000000000000000000000000000000000000000000000000000000000000000000000000000000000000000000000000000000000000000000000
0513000000000000000000000000000000000000000000000000000000000000000000000000000000000000000000000000000000000000000000000000
0514000000000000000000000000000000000000000000000000000000000000000000000000000000000000000000000000000000000000000000000000
0515000000000000000000000000000000000000000000000000000000000000000000000000000000000000000000000000000000000000000000000000
0516000000000000000000000000000000000000000000000000000000000000000000000000000000000000000000000000000000000000000000000000
0517000000000000000000000000000000000000000000000000000000000000000000000000000000000000000000000000000000000000000000000000
0518000000000000000000000000000000000000000000000000000000000000000000000000000000000000000000000000000000000000000000000000
0519000000000000000000000000000000000000000000000000000000000000000000000000000000000000000000000000000000000000000000000000
0520000000000000000000000000000000000000000000000000000000000000000000000000000000000000000000000000000000000000000000000000
0521000000000000000000000000000000000000000000000000000000000000000000000000000000000000000000000000000000000000000000000000
0522000000000000000000000000000000000000000000000000000000000000000000000000000000000000000000000000000000000000000000000000
0523000000000000000000000000000000000000000000000000000000000000000000000000000000000000000000000000000000000000000000000000
0600000000000000000000000000000000000000000000000000000000000000000000000000000000000000000000000000000000000000000000000000
0601000000000000000000000000000000000000000000000000000000000000000000000000000000000000000000000000000000000000000000000000
0602000000000000000000000000000000000000000000000000000000000000000000000000000000000000000000000000000000000000000000000000
0603000000000000000000000000000000000000000000000000000000000000000000000000000000000000000000000000000000000000000000000000
0604000000000000000000000000000000000000000000000000000000000000000000000000000000000000000000000000000000000000000000000000
0605000000000000000000000000000000000000000000000000000000000000000000000000000000000000000000000000000000000000000000000000
0606000000000000000000000000000000000000000000000000000000000000000000000000000000000000000000000000000000000000000000000000
0607000000000000000000000000000000000000000000000000000000000000000000000000000000000000000000000000000000000000000000000000
0608000000000000000000000000000000000000000000000000000000000000000000000000000000000000000000000000000000000000000000000000
0609000000000000000000000000000000000000000000000000000000000000000000000000000000000000000000000000000000000000000000000000
0610000000000000000000000000000000000000000000000000000000000000000000000000000000000000000000000000000000000000000000000000
0611000000000000000000000000000000000000000000000000000000000000000000000000000000000000000000000000000000000000000000000000
0612000000000000000000000000000000000000000000000000000000000000000000000000000000000000000000000000000000000000000000000000
0613000000000000000000000000000000000000000000000000000000000000000000000000000000000000000000000000000000000000000000000000
0614000000000000000000000000000000000000000000000000000000000000000000000000000000000000000000000000000000000000000000000000
0615000000000000000000000000000000000000000000000000000000000000000000000000000000000000000000000000000000000000000000000000
0616000000000000000000000000000000000000000000000000000000000000000000000000000000000000000000000000000000000000000000000000
0617000000000000000000000000000000000000000000000000000000000000000000000000000000000000000000000000000000000000000000000000
0618000000000000000000000000000000000000000000000000000000000000000000000000000000000000000000000000000000000000000000000000
0619000000000000000000000000000000000000000000000000000000000000000000000000000000000000000000000000000000000000000000000000
0620000000000000000000000000000000000000000000000000000000000000000000000000000000000000000000000000000000000000000000000000
0621000000000000000000000000000000000000000000000000000000000000000000000000000000000000000000000000000000000000000000000000
0622000000000000000000000000000000000000000000000000000000000000000000000000000000000000000000000000000000000000000000000000
0623000000000000000000000000000000000000000000000000000000000000000000000000000000000000000000000000000000000000000000000000
0700000000000000000000000000000000000000000000000000000000000000000000000000000000000000000000000000000000000000000000000000
0701000000000000000000000000000000000000000000000000000000000000000000000000000000000000000000000000000000000000000000000000
0702000000000000000000000000000000000000000000000000000000000000000000000000000000000000000000000000000000000000000000000000
0703000000000000000000000000000000000000000000000000000000000000000000000000000000000000000000000000000000000000000000000000
0704000000000000000000000000000000000000000000000000000000000000000000000000000000000000000000000000000000000000000000000000
0705000000000000000000000000000000000000000000000000000000000000000000000000000000000000000000000000000000000000000000000000
0706000000000000000000000000000000000000000000000000000000000000000000000000000000000000000000000000000000000000000000000000
0707000000000000000000000000000000000000000000000000000000000000000000000000000000000000000000000000000000000000000000000000
0708000000000000000000000000000000000000000000000000000000000000000000000000000000000000000000000000000000000000000000000000
0709000000000000000000000000000000000000000000000000000000000000000000000000000000000000000000000000000000000000000000000000
0710000000000000000000000000000000000000000000000000000000000000000000000000000000000000000000000000000000000000000000000000
0711000000000000000000000000000000000000000000000000000000000000000000000000000000000000000000000000000000000000000000000000
0712000000000000000000000000000000000000000000000000000000000000000000000000000000000000000000000000000000000000000000000000
0713000000000000000000000000000000000000000000000000000000000000000000000000000000000000000000000000000000000000000000000000
0714000000000000000000000000000000000000000000000000000000000000000000000000000000000000000000000000000000000000000000000000
0715000000000000000000000000000000000000000000000000000000000000000000000000000000000000000000000000000000000000000000000000
0716000000000000000000000000000000000000000000000000000000000000000000000000000000000000000000000000000000000000000000000000
0717000000000000000000000000000000000000000000000000000000000000000000000000000000000000000000000000000000000000000000000000
0718000000000000000000000000000000000000000000000000000000000000000000000000000000000000000000000000000000000000000000000000
0719000000000000000000000000000000000000000000000000000000000000000000000000000000000000000000000000000000000000000000000000
0720000000000000000000000000000000000000000000000000000000000000000000000000000000000000000000000000000000000000000000000000
0721000000000000000000000000000000000000000000000000000000000000000000000000000000000000000000000000000000000000000000000000
0722000000000000000000000000000000000000000000000000000000000000000000000000000000000000000000000000000000000000000000000000
0723000000000000000000000000000000000000000000000000000000000000000000000000000000000000000000000000000000000000000000000000
0800000000000000000000000000000000000000000000000000000000000000000000000000000000000000000000000000000000000000000000000000
0801000000000000000000000000000000000000000000000000000000000000000000000000000000000000000000000000000000000000000000000000
0802000000000000000000000000000000000000000000000000000000000000000000000000000000000000000000000000000000000000000000000000
0803000000000000000000000000000000000000000000000000000000000000000000000000000000000000000000000000000000000000000000000000
0804000000000000000000000000000000000000000000000000000000000000000000000000000000000000000000000000000000000000000000000000
0805000000000000000000000000000000000000000000000000000000000000000000000000000000000000000000000000000000000000000000000000
0806000000000000000000000000000000000000000000000000000000000000000000000000000000000000000000000000000000000000000000000000
0807000000000000000000000000000000000000000000000000000000000000000000000000000000000000000000000000000000000000000000000000
0808000000000000000000000000000000000000000000000000000000000000000000000000000000000000000000000000000000000000000000000000
0809000000000000000000000000000000000000000000000000000000000000000000000000000000000000000000000000000000000000000000000000
0810000000000000000000000000000000000000000000000000000000000000000000000000000000000000000000000000000000000000000000000000
0811000000000000000000000000000000000000000000000000000000000000000000000000000000000000000000000000000000000000000000000000
0812000000000000000000000000000000000000000000000000000000000000000000000000000000000000000000000000000000000000000000000000
0813000000000000000000000000000000000000000000000000000000000000000000000000000000000000000000000000000000000000000000000000
0814000000000000000000000000000000000000000000000000000000000000000000000000000000000000000000000000000000000000000000000000
0815000000000000000000000000000000000000000000000000000000000000000000000000000000000000000000000000000000000000000000000000
0816000000000000000000000000000000000000000000000000000000000000000000000000000000000000000000000000000000000000000000000000
0817000000000000000000000000000000000000000000000000000000000000000000000000000000000000000000000000000000000000000000000000
0818000000000000000000000000000000000000000000000000000000000000000000000000000000000000000000000000000000000000000000000000
0819000000000000000000000000000000000000000000000000000000000000000000000000000000000000000000000000000000000000000000000000
0820000000000000000000000000000000000000000000000000000000000000000000000000000000000000000000000000000000000000000000000000
0821000000000000000000000000000000000000000000000000000000000000000000000000000000000000000000000000000000000000000000000000
0822000000000000000000000000000000000000000000000000000000000000000000000000000000000000000000000000000000000000000000000000
0823000000000000000000000000000000000000000000000000000000000000000000000000000000000000000000000000000000000000000000000000
0900000000000000000000000000000000000000000000000000000000000000000000000000000000000000000000000000000000000000000000000000
0901000000000000000000000000000000000000000000000000000000000000000000000000000000000000000000000000000000000000000000000000
0902000000000000000000000000000000000000000000000000000000000000000000000000000000000000000000000000000000000000000000000000
0903000000000000000000000000000000000000000000000000000000000000000000000000000000000000000000000000000000000000000000000000
0904000000000000000000000000000000000000000000000000000000000000000000000000000000000000000000000000000000000000000000000000
0905000000000000000000000000000000000000000000000000000000000000000000000000000000000000000000000000000000000000000000000000
0906000000000000000000000000000000000000000000000000000000000000000000000000000000000000000000000000000000000000000000000000
0907000000000000000000000000000000000000000000000000000000000000000000000000000000000000000000000000000000000000000000000000
0908000000000000000000000000000000000000000000000000000000000000000000000000000000000000000000000000000000000000000000000000
0909000000000000000000000000000000000000000000000000000000000000000000000000000000000000000000000000000000000000000000000000
0910000000000000000000000000000000000000000000000000000000000000000000000000000000000000000000000000000000000000000000000000
0911000000000000000000000000000000000000000000000000000000000000000000000000000000000000000000000000000000000000000000000000
0912000000000000000000000000000000000000000000000000000000000000000000000000000000000000000000000000000000000000000000000000
0913000000000000000000000000000000000000000000000000000000000000000000000000000000000000000000000000000000000000000000000000
0914000000000000000000000000000000000000000000000000000000000000000000000000000000000000000000000000000000000000000000000000
0915000000000000000000000000000000000000000000000000000000000000000000000000000000000000000000000000000000000000000000000000
0916000000000000000000000000000000000000000000000000000000000000000000000000000000000000000000000000000000000000000000000000
0917000000000000000000000000000000000000000000000000000000000000000000000000000000000000000000000000000000000000000000000000
0918000000000000000000000000000000000000000000000000000000000000000000000000000000000000000000000000000000000000000000000000
0919000000000000000000000000000000000000000000000000000000000000000000000000000000000000000000000000000000000000000000000000
0920000000000000000000000000000000000000000000000000000000000000000000000000000000000000000000000000000000000000000000000000
0921000000000000000000000000000000000000000000000000000000000000000000000000000000000000000000000000000000000000000000000000
0922000000000000000000000000000000000000000000000000000000000000000000000000000000000000000000000000000000000000000000000000
0923000000000000000000000000000000000000000000000000000000000000000000000000000000000000000000000000000000000000000000000000
1000000000000000000000000000000000000000000000000000000000000000000000000000000000000000000000000000000000000000000000000000
1001000000000000000000000000000000000000000000000000000000000000000000000000000000000000000000000000000000000000000000000000
1002000000000000000000000000000000000000000000000000000000000000000000000000000000000000000000000000000000000000000000000000
1003000000000000000000000000000000000000000000000000000000000000000000000000000000000000000000000000000000000000000000000000
1004000000000000000000000000000000000000000000000000000000000000000000000000000000000000000000000000000000000000000000000000
1005000000000000000000000000000000000000000000000000000000000000000000000000000000000000000000000000000000000000000000000000
1006000000000000000000000000000000000000000000000000000000000000000000000000000000000000000000000000000000000000000000000000
1007000000000000000000000000000000000000000000000000000000000000000000000000000000000000000000000000000000000000000000000000
1008000000000000000000000000000000000000000000000000000000000000000000000000000000000000000000000000000000000000000000000000
1009000000000000000000000000000000000000000000000000000000000000000000000000000000000000000000000000000000000000000000000000
1010000000000000000000000000000000000000000000000000000000000000000000000000000000000000000000000000000000000000000000000000
1011000000000000000000000000000000000000000000000000000000000000000000000000000000000000000000000000000000000000000000000000
1012000000000000000000000000000000000000000000000000000000000000000000000000000000000000000000000000000000000000000000000000
1013000000000000000000000000000000000000000000000000000000000000000000000000000000000000000000000000000000000000000000000000
1014000000000000000000000000000000000000000000000000000000000000000000000000000000000000000000000000000000000000000000000000
1015000000000000000000000000000000000000000000000000000000000000000000000000000000000000000000000000000000000000000000000000
1016000000000000000000000000000000000000000000000000000000000000000000000000000000000000000000000000000000000000000000000000
1017000000000000000000000000000000000000000000000000000000000000000000000000000000000000000000000000000000000000000000000000
1018000000000000000000000000000000000000000000000000000000000000000000000000000000000000000000000000000000000000000000000000
1019000000000000000000000000000000000000000000000000000000000000000000000000000000000000000000000000000000000000000000000000
1020000000000000000000000000000000000000000000000000000000000000000000000000000000000000000000000000000000000000000000000000
1021000000000000000000000000000000000000000000000000000000000000000000000000000000000000000000000000000000000000000000000000
1022000000000000000000000000000000000000000000000000000000000000000000000000000000000000000000000000000000000000000000000000
1023000000000000000000000000000000000000000000000000000000000000000000000000000000000000000000000000000000000000000000000000
1100000000000000000000000000000000000000000000000000000000000000000000000000000000000000000000000000000000000000000000000000
1101000000000000000000000000000000000000000000000000000000000000000000000000000000000000000000000000000000000000000000000000
1102000000000000000000000000000000000000000000000000000000000000000000000000000000000000000000000000000000000000000000000000
1103000000000000000000000000000000000000000000000000000000000000000000000000000000000000000000000000000000000000000000000000
1104000000000000000000000000000000000000000000000000000000000000000000000000000000000000000000000000000000000000000000000000
1105000000000000000000000000000000000000000000000000000000000000000000000000000000000000000000000000000000000000000000000000
1106000000000000000000000000000000000000000000000000000000000000000000000000000000000000000000000000000000000000000000000000
1107000000000000000000000000000000000000000000000000000000000000000000000000000000000000000000000000000000000000000000000000
1108000000000000000000000000000000000000000000000000000000000000000000000000000000000000000000000000000000000000000000000000
1109000000000000000000000000000000000000000000000000000000000000000000000000000000000000000000000000000000000000000000000000
1110000000000000000000000000000000000000000000000000000000000000000000000000000000000000000000000000000000000000000000000000
1111000000000000000000000000000000000000000000000000000000000000000000000000000000000000000000000000000000000000000000000000
1112000000000000000000000000000000000000000000000000000000000000000000000000000000000000000000000000000000000000000000000000
1113000000000000000000000000000000000000000000000000000000000000000000000000000000000000000000000000000000000000000000000000
1114000000000000000000000000000000000000000000000000000000000000000000000000000000000000000000000000000000000000000000000000
1115000000000000000000000000000000000000000000000000000000000000000000000000000000000000000000000000000000000000000000000000
1116000000000000000000000000000000000000000000000000000000000000000000000000000000000000000000000000000000000000000000000000
1117000000000000000000000000000000000000000000000000000000000000000000000000000000000000000000000000000000000000000000000000
1118000000000000000000000000000000000000000000000000000000000000000000000000000000000000000000000000000000000000000000000000
1119000000000000000000000000000000000000000000000000000000000000000000000000000000000000000000000000000000000000000000000000
1120000000000000000000000000000000000000000000000000000000000000000000000000000000000000000000000000000000000000000000000000
1121000000000000000000000000000000000000000000000000000000000000000000000000000000000000000000000000000000000000000000000000
1122000000000000000000000000000000000000000000000000000000000000000000000000000000000000000000000000000000000000000000000000
1123000000000000000000000000000000000000000000000000000000000000000000000000000000000000000000000000000000000000000000000000
1200000000000000000000000000000000000000000000000000000000000000000000000000000000000000000000000000000000000000000000000000
1201000000000000000000000000000000000000000000000000000000000000000000000000000000000000000000000000000000000000000000000000
1202000000000000000000000000000000000000000000000000000000000000000000000000000000000000000000000000000000000000000000000000
1203000000000000000000000000000000000000000000000000000000000000000000000000000000000000000000000000000000000000000000000000
1204000000000000000000000000000000000000000000000000000000000000000000000000000000000000000000000000000000000000000000000000
1205000000000000000000000000000000000000000000000000000000000000000000000000000000000000000000000000000000000000000000000000
1206000000000000000000000000000000000000000000000000000000000000000000000000000000000000000000000000000000000000000000000000
1207000000000000000000000000000000000000000000000000000000000000000000000000000000000000000000000000000000000000000000000000
1208000000000000000000000000000000000000000000000000000000000000000000000000000000000000000000000000000000000000000000000000
1209000000000000000000000000000000000000000000000000000000000000000000000000000000000000000000000000000000000000000000000000
1210000000000000000000000000000000000000000000000000000000000000000000000000000000000000000000000000000000000000000000000000
1211000000000000000000000000000000000000000000000000000000000000000000000000000000000000000000000000000000000000000000000000
1212000000000000000000000000000000000000000000000000000000000000000000000000000000000000000000000000000000000000000000000000
1213000000000000000000000000000000000000000000000000000000000000000000000000000000000000000000000000000000000000000000000000
1214000000000000000000000000000000000000000000000000000000000000000000000000000000000000000000000000000000000000000000000000
1215000000000000000000000000000000000000000000000000000000000000000000000000000000000000000000000000000000000000000000000000
1216000000000000000000000000000000000000000000000000000000000000000000000000000000000000000000000000000000000000000000000000
1217000000000000000000000000000000000000000000000000000000000000000000000000000000000000000000000000000000000000000000000000
1218000000000000000000000000000000000000000000000000000000000000000000000000000000000000000000000000000000000000000000000000
1219000000000000000000000000000000000000000000000000000000000000000000000000000000000000000000000000000000000000000000000000
1220000000000000000000000000000000000000000000000000000000000000000000000000000000000000000000000000000000000000000000000000
1221000000000000000000000000000000000000000000000000000000000000000000000000000000000000000000000000000000000000000000000000
1222000000000000000000000000000000000000000000000000000000000000000000000000000000000000000000000000000000000000000000000000
1223000000000000000000000000000000000000000000000000000000000000000000000000000000000000000000000000000000000000000000000000
1300000000000000000000000000000000000000000000000000000000000000000000000000000000000000000000000000000000000000000000000000
1301000000000000000000000000000000000000000000000000000000000000000000000000000000000000000000000000000000000000000000000000
1302000000000000000000000000000000000000000000000000000000000000000000000000000000000000000000000000000000000000000000000000
1303000000000000000000000000000000000000000000000000000000000000000000000000000000000000000000000000000000000000000000000000
1304000000000000000000000000000000000000000000000000000000000000000000000000000000000000000000000000000000000000000000000000
1305000000000000000000000000000000000000000000000000000000000000000000000000000000000000000000000000000000000000000000000000
1306000000000000000000000000000000000000000000000000000000000000000000000000000000000000000000000000000000000000000000000000
1307000000000000000000000000000000000000000000000000000000000000000000000000000000000000000000000000000000000000000000000000
1308000000000000000000000000000000000000000000000000000000000000000000000000000000000000000000000000000000000000000000000000
1309000000000000000000000000000000000000000000000000000000000000000000000000000000000000000000000000000000000000000000000000
1310000000000000000000000000000000000000000000000000000000000000000000000000000000000000000000000000000000000000000000000000
1311000000000000000000000000000000000000000000000000000000000000000000000000000000000000000000000000000000000000000000000000
1312000000000000000000000000000000000000000000000000000000000000000000000000000000000000000000000000000000000000000000000000
1313000000000000000000000000000000000000000000000000000000000000000000000000000000000000000000000000000000000000000000000000
1314000000000000000000000000000000000000000000000000000000000000000000000000000000000000000000000000000000000000000000000000
1315000000000000000000000000000000000000000000000000000000000000000000000000000000000000000000000000000000000000000000000000
1316000000000000000000000000000000000000000000000000000000000000000100000000000000000000000000000001000000000000000000000000
1317000101020100010001000100000100000002000000000000000000010000000000000000000100000000000000000000010000000100000000010000
1318000000000001000000000000000001000000000001000000010000000000020000010000010001010001020001000100010000000000010000010002
1319000100000100010001000100000201000001000001000000000100010000020001000100010001000001000002000001000001000100000001000100
1320000201000001000100000100000100000200010000000100000100000000010000000001000000000000010100000000000100000000000000000100
1321000001000000000100000000010000000000000002000000000000000100000000000100000000000100000000000000000000000100000000000000
1322000000010000000000000000000000000000000000000000000000000000000000000000000000000000000000000000000000000000000100000001
1323000000000000000000000000000000000000000000000000000000000000000000000000000000000001000000000000000000000000000000000000
1400000000000000000000000000000000000000000000000000000000000000000000000000000000000000000000000000000000000000000000000000
1401000000000000000000000000000000000000000000000000000000000000000000000000000000000000000000000000000000000000000000000000
1402000000000000000000000000000000000000000000000000000000000000000000000000000000000000000000000000000000000000000000000000
1403000000000000000000000000000000000000000000000000000000000000000000000000000000000000000000000000000000000000000000000000
1404000000000000000000000000000000000000000000000000000000000000000000000000000000000000000000000000000000000000000000000000
1405000000000000000000000000000000000000000000000000000000000000000000000000000000000000000000000000000000000000000000000000
1406000000000000000000000000000000000000000000000000000000000000000000000000000000000000000000000000000000000000000000000000
1407000000000000000000000000000000000000000000000000000000000000000000000000000000000000000000000000000000000000000000000000
1408000000000000000000000000000000000000000000000000000000000000000000000000000000000000000000000000000000000000000000000000
1409000000000000000000000000000000000000000000000000000000000000000000000000000000000000000000000000000000000000000000000000
1410000000000000000000000000000000000000000000000000000000000000000000000000000000000000000000000000000000000000000000000000
1411000000000000000000000000000000000000000000000000000000000000000000000000000000000000000000000000000000000000000000000000
1412000000000000000000000000000000000000000000000000000000000000000000000000000000000000000000000000000000000000000000000000
1413000000000000000000000000000000000000000000000000000000000000000000000000000000000000000000000000000000000000000000000000
1414000000000000000000000000000000000000000000000000000000000000000000000000000000000000000000000000000000000000000000000000
1415000000000000000000000000000000000000000000000000000000000000000000000000000000000000000000000000000000000000000000000000
1416000000000000000000000000000000000000000000000000000000000000000000000000000000000000000000000000000000000000000000000000
1417000000000000000000000000000000000000000000000000000000000000000000000000000000000000000000000000000000000000000000000000
1418000000000000000000000000000000000000000000000000000000000000000000000000000000000000000000000000000000000000000000000000
1419000000000000000000000000000000000000000000000000000000000000000000000000000000000000000000000000000000000000000000000000
1420000000000000000000000000000000000000000000000000000000000000000000000000000000000000000000000000000000000000000000000000
1421000000000000000000000000000000000000000000000000000000000000000000000000000000000000000000000000000000000000000000000000
1422000000000000000000000000000000000000000000000000000000000000000000000000000000000000000000000000000000000000000000000000
1423000000000000000000000000000000000000000000000000000000000000000000000000000000000000000000000000000000000000000000000000
1500000000000000000000000000000000000000000000000000000000000000000000000000000000000000000000000000000000000000000000000000
1501000000000000000000000000000000000000000000000000000000000000000000000000000000000000000000000000000000000000000000000000
1502000000000000000000000000000000000000000000000000000000000000000000000000000000000000000000000000000000000000000000000000
1503000000000000000000000000000000000000000000000000000000000000000000000000000000000000000000000000000000000000000000000000
1504000000000000000000000000000000000000000000000000000000000000000000000000000000000000000000000000000000000000000000000000
1505000000000000000000000000000000000000000000000000000000000000000000000000000000000000000000000000000000000000000000000000
1506000000000000000000000000000000000000000000000000000000000000000000000000000000000000000000000000000000000000000000000000
1507000000000000000000000000000000000000000000000000000000000000000000000000000000000000000000000000000000000000000000000000
1508000000000000000000000000000000000000000000000000000000000000000000000000000000000000000000000000000000000000000000000000
1509000000000000000000000000000000000000000000000000000000000000000000000000000000000000000000000000000000000000000000000000
1510000000000000000000000000000000000000000000000000000000000000000000000000000000000000000000000000000000000000000000000000
1511000000000000000000000000000000000000000000000000000000000000000000000000000000000000000000000000000000000000000000000000
1512000000000000000000000000000000000000000000000000000000000000000000000000000000000000000000000000000000000000000000000000
1513000000000000000000000000000000000000000000000000000000000000000000000000000000000000000000000000000000000000000000000000
1514000000000000000000000000000000000000000000000000000000000000000000000000000000000000000000000000000000000000000000000000
1515000000000000000000000000000000000000000000000000000000000000000000000000000000000000000000000000000000000000000000000000
1516000000000000000000000000000000000000000000000000000000000000000000000000000000000000000000000000000000000000000000000000
1517000000000000000000000000000000000000000000000000000000000000000000000000000000000000000000000000000000000000000000000000
1518000000000000000000000000000000000000000000000000000000000000000000000000000000000000000000000000000000000000000000000000
1519000000000000000000000000000000000000000000000000000000000000000000000000000000000000000000000000000000000000000000000000
1520000000000000000000000000000000000000000000000000000000000000000000000000000000000000000000000000000000000000000000000000
1521000000000000000000000000000000000000000000000000000000000000000000000000000000000000000000000000000000000000000000000000
1522000000000000000000000000000000000000000000000000000000000000000000000000000000000000000000000000000000000000000000000000
1523000000000000000000000000000000000000000000000000000000000000000000000000000000000000000000000000000000000000000000000000
1600000000000000000000000000000000000000000000000000000000000000000000000000000000000000000000000000000000000000000000000000
1601000000000000000000000000000000000000000000000000000000000000000000000000000000000000000000000000000000000000000000000000
1602000000000000000000000000000000000000000000000000000000000000000000000000000000000000000000000000000000000000000000000000
1603000000000000000000000000000000000000000000000000000000000000000000000000000000000000000000000000000000000000000000000000
1604000000000000000000000000000000000000000000000000000000000000000000000000000000000000000000000000000000000000000000000000
1605000000000000000000000000000000000000000000000000000000000000000000000000000000000000000000000000000000000000000000000000
1606000000000000000000000000000000000000000000000000000000000000000000000000000000000000000000000000000000000000000000000000
1607000000000000000000000000000000000000000000000000000000000000000000000000000000000000000000000000000000000000000000000000
1608000000000000000000000000000000000000000000000000000000000000000000000000000000000000000000000000000000000000000000000000
1609000000000000000000000000000000000000000000000000000000000000000000000000000000000000000000000000000000000000000000000000
1610000000000000000000000000000000000000000000000000000000000000000000000000000000000000000000000000000000000000000000000000
1611000000000000000000000000000000000000000000000000000000000000000000000000000000000000000000000000000000000000000000000000
1612000000000000000000000000000000000000000000000000000000000000000000000000000000000000000000000000000000000000000000000000
1613000000000000000000000000000000000000000000000000000000000000000000000000000000000000000000000000000000000000000000000000
1614000000000000000000000000000000000000000000000000000000000000000000000000000000000000000000000000000000000000000000000000
1615000000000000000000000000000000000000000000000000000000000000000000000000000000000000000000000000000000000000000000000000
1616000000000000000000000000000000000000000000000000000000000000000000000000000000000000000000000000000000000000000000000000
1617000000000000000000000000000000000000000000000000000000000000000000000000000000000000000000000000000000000000000000000000
1618000000000000000000000000000000000000000000000000000000000000000000000000000000000000000000000000000000000000000000000000
1619000000000000000000000000000000000000000000000000000000000000000000000000000000000000000000000000000000000000000000000000
1620000000000000000000000000000000000000000000000000000000000000000000000000000000000000000000000000000000000000000000000000
1621000000000000000000000000000000000000000000000000000000000000000000000000000000000000000000000000000000000000000000000000
1622000000000000000000000000000000000000000000000000000000000000000000000000000000000000000000000000000000000000000000000000
1623000000000000000000000000000000000000000000000000000000000000000000000000000000000000000000000000000000000000000000000000
1700000000000000000000000000000000000000000000000000000000000000000000000000000000000000000000000000000000000000000000000000
1701000000000000000000000000000000000000000000000000000000000000000000000000000000000000000000000000000000000000000000000000
1702000000000000000000000000000000000000000000000000000000000000000000000000000000000000000000000000000000000000000000000000
1703000000000000000000000000000000000000000000000000000000000000000000000000000000000000000000000000000000000000000000000000
1704000000000000000000000000000000000000000000000000000000000000000000000000000000000000000000000000000000000000000000000000
1705000000000000000000000000000000000000000000000000000000000000000000000000000000000000000000000000000000000000000000000000
1706000000000000000000000000000000000000000000000000000000000000000000000000000000000000000000000000000000000000000000000000
1707000000000000000000000000000000000000000000000000000000000000000000000000000000000000000000000000000000000000000000000000
1708000000000000000000000000000000000000000000000000000000000000000000000000000000000000000000000000000000000000000000000000
1709000000000000000000000000000000000000000000000000000000000000000000000000000000000000000000000000000000000000000000000000
1710000000000000000000000000000000000000000000000000000000000000000000000000000000000000000000000000000000000000000000000000
1711000000000000000000000000000000000000000000000000000000000000000000000000000000000000000000000000000000000000000000000000
1712000000000000000000000000000000000000000000000000000000000000000000000000000000000000000000000000000000000000000000000000
1713000000000000000000000000000000000000000000000000000000000000000000000000000000000000000000000000000000000000000000000000
1714000000000000000000000000000000000000000000000000000000000000000000000000000000000000000000000000000000000000000000000000
1715000000000000000000000000000000000000000000000000000000000000000000000000000000000000000000000000000000000000000000000000
1716000000000000000000000000000000000000000000000000000000000000000000000000000000000000000000000000000000000000000000000000
1717000000000000000000000000000000000000000000000000000000000000000000000000000000000000000000000000000000000000000000000000
1718000000000000000000000000000000000000000000000000000000000000000000000000000000000000000000000000000000000000000000000000
1719000000000000000000000000000000000000000000000000000000000000000000000000000000000000000000000000000000000000000000000000
1720000000000000000000000000000000000000000000000000000000000000000000000000000000000000000000000000000000000000000000000000
1721000000000000000000000000000000000000000000000000000000000000000000000000000000000000000000000000000000000000000000000000
1722000000000000000000000000000000000000000000000000000000000000000000000000000000000000000000000000000000000000000000000000
1723000000000000000000000000000000000000000000000000000000000000000000000000000000000000000000000000000000000000000000000000
1800000000000000000000000000000000000000000000000000000000000000000000000000000000000000000000000000000000000000000000000000
1801000000000000000000000000000000000000000000000000000000000000000000000000000000000000000000000000000000000000000000000000
1802000000000000000000000000000000000000000000000000000000000000000000000000000000000000000000000000000000000000000000000000
1803000000000000000000000000000000000000000000000000000000000000000000000000000000000000000000000000000000000000000000000000
1804000000000000000000000000000000000000000000000000000000000000000000000000000000000000000000000000000000000000000000000000
1805000000000000000000000000000000000000000000000000000000000000000000000000000000000000000000000000000000000000000000000000
1806000000000000000000000000000000000000000000000000000000000000000000000000000000000000000000000000000000000000000000000000
1807000000000000000000000000000000000000000000000000000000000000000000000000000000000000000000000000000000000000000000000000
1808000000000000000000000000000000000000000000000000000000000000000000000000000000000000000000000000000000000000000000000000
1809000000000000000000000000000000000000000000000000000000000000000000000000000000000000000000000000000000000000000000000000
1810000000000000000000000000000000000000000000000000000000000000000000000000000000000000000000000000000000000000000000000000
1811000000000000000000000000000000000000000000000000000000000000000000000000000000000000000000000000000000000000000000000000
1812000000000000000000000000000000000000000000000000000000000000000000000000000000000000000000000000000000000000000000000000
1813000000000000000000000000000000000000000000000000000000000000000000000000000000000000000000000000000000000000000000000000
1814000000000000000000000000000000000000000000000000000000000000000000000000000000000000000000000000000000000000000000000000
1815000000000000000000000000000000000000000000000000000000000000000000000000000000000000000000000000000000000000000000000000
1816000000000000000000000000000000000000000000000000000000000000000000000000000000000000000000000000000000000000000000000000
1817000000000000000000000000000000000000000000000000000000000000000000000000000000000000000000000000000000000000000000000000
1818000000000000000000000000000000000000000000000000000000000000000000000000000000000000000000000000000000000000000000000000
1819000000000000000000000000000000000000000000000000000000000000000000000000000000000000000000000000000000000000000000000000
1820000000000000000000000000000000000000000000000000000000000000000000000000000000000000000000000000000000000000000000000000
1821000000000000000000000000000000000000000000000000000000000000000000000000000000000000000000000000000000000000000000000000
1822000000000000000000000000000000000000000000000000000000000000000000000000000000000000000000000000000000000000000000000000
1823000000000000000000000000000000000000000000000000000000000000000000000000000000000000000000000000000000000000000000000000
1900000000000000000000000000000000000000000000000000000000000000000000000000000000000000000000000000000000000000000000000000
1901000000000000000000000000000000000000000000000000000000000000000000000000000000000000000000000000000000000000000000000000
1902000000000000000000000000000000000000000000000000000000000000000000000000000000000000000000000000000000000000000000000000
1903000000000000000000000000000000000000000000000000000000000000000000000000000000000000000000000000000000000000000000000000
1904000000000000000000000000000000000000000000000000000000000000000000000000000000000000000000000000000000000000000000000000
1905000000000000000000000000000000000000000000000000000000000000000000000000000000000000000000000000000000000000000000000000
1906000000000000000000000000000000000000000000000000000000000000000000000000000000000000000000000000000000000000000000000000
1907000000000000000000000000000000000000000000000000000000000000000000000000000000000000000000000000000000000000000000000000
1908000000000000000000000000000000000000000000000000000000000000000000000000000000000000000000000000000000000000000000000000
1909000000000000000000000000000000000000000000000000000000000000000000000000000000000000000000000000000000000000000000000000
1910000000000000000000000000000000000000000000000000000000000000000000000000000000000000000000000000000000000000000000000000
1911000000000000000000000000000000000000000000000000000000000000000000000000000000000000000000000000000000000000000000000000
1912000000000000000000000000000000000000000000000000000000000000000000000000000000000000000000000000000000000000000000000000
1913000000000000000000000000000000000000000000000000000000000000000000000000000000000000000000000000000000000000000000000000
1914000000000000000000000000000000000000000000000000000000000000000000000000000000000000000000000000000000000000000000000000
1915000000000000000000000000000000000000000000000000000000000000000000000000000000000000000000000000000000000000000000000000
1916000000000000000000000000000000000000000000000000000000000000000000000000000000000000000000000000000000000000000000000000
1917000000000000000000000000000000000000000000000000000000000000000000000000000000000000000000000000000000000000000000000000
1918000000000000000000000000000000000000000000000000000000000000000000000000000000000000000000000000000000000000000000000000
1919000000000000000000000000000000000000000000000000000000000000000000000000000000000000000000000000000000000000000000000000
1920000000000000000000000000000000000000000000000000000000000000000000000000000000000000000000000000000000000000000000000000
1921000000000000000000000000000000000000000000000000000000000000000000000000000000000000000000000000000000000000000000000000
1922000000000000000000000000000000000000000000000000000000000000000000000000000000000000000000000000000000000000000000000000
1923000000000000000000000000000000000000000000000000000000000000000000000000000000000000000000000000000000000000000000000000
2000000000000000000000000000000000000000000000000000000000000000000000000000000000000000000000000000000000000000000000000000
2001000000000000000000000000000000000000000000000000000000000000000000000000000000000000000000000000000000000000000000000000
2002000000000000000000000000000000000000000000000000000000000000000000000000000000000000000000000000000000000000000000000000
2003000000000000000000000000000000000000000000000000000000000000000000000000000000000000000000000000000000000000000000000000
2004000000000000000000000000000000000000000000000000000000000000000000000000000000000000000000000000000000000000000000000000
2005000000000000000000000000000000000000000000000000000000000000000000000000000000000000000000000000000000000000000000000000
2006000000000000000000000000000000000000000000000000000000000000000000000000000000000000000000000000000000000000000000000000
2007000000000000000000000000000000000000000000000000000000000000000000000000000000000000000000000000000000000000000000000000
2008000000000000000000000000000000000000000000000000000000000000000000000000000000000000000000000000000000000000000000000000
2009000000000000000000000000000000000000000000000000000000000000000000000000000000000000000000000000000000000000000000000000
2010000000000000000000000000000000000000000000000000000000000000000000000000000000000000000000000000000000000000000000000000
2011000000000000000000000000000000000000000000000000000000000000000000000000000000000000000000000000000000000000000000000000
2012000000000000000000000000000000000000000000000000000000000000000000000000000000000000000000000000000000000000000000000000
2013000000000000000000000000000000000000000000000000000000000000000000000000000000000000000000000000000000000000000000000000
2014000000000000000000000000000000000000000000000000000000000000000000000000000000000000000000000000000000000000000000000000
2015000000000000000000000000000000000000000000000000000000000000000000000000000000000000000000000000000000000000000000000000
2016000000000000000000000000000000000000000000000000000000000000000000000000000000000000000000000000000000000000000000000000
2017000000000000000000000000000000000000000000000000000000000000000000000000000000000000000000000000000000000000000000000000
2018000000000000000000000000000000000000000000000000000000000000000000000000000000000000000000000000000000000000000000000000
2019000000000000000000000000000000000000000000000000000000000000000000000000000000000000000000000000000000000000000000000000
2020000000000000000000000000000000000000000000000000000000000000000000000000000000000000000000000000000000000000000000000000
2021000000000000000000000000000000000000000000000000000000000000000000000000000000000000000000000000000000000000000000000000
2022000000000000000000000000000000000000000000000000000000000000000000000000000000000000000000000000000000000000000000000000
2023000000000000000000000000000000000000000000000000000000000000000000000000000000000000000000000000000000000000000000000000
2100000000000000000000000000000000000000000000000000000000000000000000000000000000000000000000000000000000000000000000000000
2101000000000000000000000000000000000000000000000000000000000000000000000000000000000000000000000000000000000000000000000000
2102000000000000000000000000000000000000000000000000000000000000000000000000000000000000000000000000000000000000000000000000
2103000000000000000000000000000000000000000000000000000000000000000000000000000000000000000000000000000000000000000000000000
2104000000000000000000000000000000000000000000000000000000000000000000000000000000000000000000000000000000000000000000000000
2105000000000000000000000000000000000000000000000000000000000000000000000000000000000000000000000000000000000000000000000000
2106000000000000000000000000000000000000000000000000000000000000000000000000000000000000000000000000000000000000000000000000
2107000000000000000000000000000000000000000000000000000000000000000000000000000000000000000000000000000000000000000000000000
2108000000000000000000000000000000000000000000000000000000000000000000000000000000000000000000000000000000000000000000000000
2109000000000000000000000000000000000000000000000000000000000000000000000000010001010101000100000001000000000000000000000000
2110010000000100000000000102020101000100000000010000010002010200010000000000000100010001000000010000000001000000000000000000
2111010000000001000000000000000000000000000000000000000000000000000000000000000001000000000000000000000000010000010100010000
2112010200010100010100010001010101010001010100010200010101020102030503040303020203020203010202020202040202030303030402020402
2113010202020102040201030102020202010202030706050201030101020201010101010101010101010001000001000100020001010001010001000101
2114020102010102010000010001000000010001000001000100020101000001000000000100000100010202010100010101020101010102010000010001
2115010203020100010103010101010200020101010001000101010000010100000000010000010000000000000000000000000000000000000000000000
2116000000000000000001000000000000000000000000000000000000000000000000000000000000000000000000000000000000000000000000000000
2117000000000000000001000000010001000100000000000001010000000001000000000000000000000000000000000000000000000000000000000000
2118000000000000000000000000000000000000000000000000010100010103030101010100010000000000000000000002000000000000000000000000
2119000000000000000000000000000000000000000000000000000000010000000000010000000100000001000000010000000000010100000000000000
2120000000000000000000010000000000000000000000000000000000000000000000000000000000000000000000000000000000000000000000000000
2121000000010000000000000000000000000000000000000000000000000000000000000000000000000000000000000000000000000000000000000000
2122000000000000000000000000000000000000000000000000000000000000000000000000000000000000000000000000000000000000000000000000
2123000000000000000000000000000000000000000000000000000100000000000000000000000001000001000001000001000201000101000100010001
2200020201010302020102010101000101000102000101000100000100000100000100010201020001010000020000000100000000000000010000000100
2201000001000001000000000000020000000000000000000001000000000000000000000100000000010000000000000001000000000000000001000000
2202010101010101000001000201010001000101000002000100010000010000010000010000010100020101010101000101000000010000000000000000
2203010000000001000000000000000001010000010000000100010000000100000000000000010000000000000000000000000000000000000000000000
2204000000000000000100000000000100000000000000000000000000010000000000000000000000000000000100000200010001000001000000000000
2205000000000000000000000100000000000000000000000000000000000000000001000000000100000001000000000101000000000000000000000000
2206010000000000000000000000000000010001000001000100010000010000010001000002000000000100000000000000000100000000010000000000
2207000000000001000000000001000001000200000100000001000000000100000100000100000100000002000000010001000100000000010000000000
2208000000000000000000000001000000000000000100000000000001010101020101020201010101010001000100010001000101000000000100010001
2209000100000001000000000001000000000000000000000000000100000000000000000000000000000001000000000000000000000000000000000000
2210000000000000000000000000000000000000000000000000000000000000000000000000000000010000000000000000000000000000000000000000
2211000000000000000000000000000000000000000000000000000000000000000000000000000000000000000000000000000000000000000000000000
2212000000000000000000000000000000000000000000000000000000000000000000000000000000000000000000000000000000000000000000000000
2213000000000000000000000000000000000000000000000000000000000000000000000000000000000000000000000000000000000000000000000000
2214000000010001010001000001000000000001000000000000000000000100000000000000010000000001000001000000010001000100000100000100
2215010101010101000100020100010001000001000100010100010000010000010000010000000100000000000000020000000000000000000000000000
2216000000000000000001000000000000000000000000000000000000000000000000000000000000000000000000000001000000000000000000000000
2217000000000000000000000000000000000000000000000000000000000000000000000000000000000000000000000001000000000000000000000000
2218000000000000000000000000000000000000000000000000000000000100000000000000000000000000000000000000000100000000000000000000
2219000000000000000000000000000000000000000000000000000000000000000000000000000000000000000000000000010000000000000000000000
2220000000000000000000000000000000000000000000000000000000000000000000000000000000000000000000000000000000000000000000000000
2221000000000000000000000000000000000000000000000000000000000000000000000000000000000000000000000000000000000000000000000000
2222000000000000000000000000000000000000000000000000000000000000000000000000000000000000000000000000000000000000000000000000
2223000000000000000000000000000000000000000000000000000000000000000000000001000000000000000000000000000000000000000000000000
2300000000000000000000000000000000000000000000000000000000000000000000000000000000000000000000000000000000000000000000000000
2301000000000000000000000000000000000000000000000000000000000000000000000000000000000000000000000000000000000000000000000000
2302000000000000000000000000000000000000000000000000000000000000000000000000000000000000000000000000000000000000000000000000
2303000000000000000000000000000000000000000000000000000000000000000000000000000000000000000000000000000000000000000000000000
2304000000000000000000000000000000000000000000000000000000000000000000000000000000000000000000000000000000000000000000000000
2305000000000000000000000000000000000000000000000000000000000000000000000000000000000000000000000000000000000000000000000000
2306000000000000000000000000000000000000000000000000000000000000000000000000000000000000000000000000000000000000000000000000
2307000000000000000000000000000000000000000000000000000000000000000000000000000000000000000000000000000000000000000000000000
2308000000000000000000000000000000000000000000000000000000000000000000000000000000000000000000000000000000000000000000000000
2309000000000000000000000000000000000000000000000000000000000000000000000000000000000000000000000000000000000000000000000000
2310000000000000000000000000000000000000000000000000000000000000000000000000000000000000000000000000000000000000000000000000
2311000000000000000000000000000000000000000000000000000000000000000000000000000000000000000000000000000000000000000000000000
2312000000000000000000000000000000000000000000000000000000000000000000000000000000000000000000000000000000000000000000000000
2313000000000000000000000000000000000000000000000000000000000000000000000000000000000000000000000000000000000000000000000000
2314000000000000000000000000000000000000000000000000000000000000000000000000000000000000000000000000000000000000000000000000
2315000000000000000000000000000000000000000000000000000000000000000000000000000000000000000000000000000000000000000000000000
2316000000000000000000000000000000000000000000000000000000000000000000000000000000000000000000000000000000000000000000000000
2317000000000000000000000000000000000000000000000000000000000000000000000000000000000000000000000000000000000000000000000000
2318000000000000000000000000000000000000000000000000000000000000000000000000000000000000000000000000000000000000000000000000
2319000000000000000000000000000000000000000000000000000000000000000000000000000000000000000000000000000000000000000000000000
2320000000000000000000000000000000000000000000000000000000000000000000000000000000000000000000000000000000000000000000000000
2321000000000000000000000000000000000000000000000000000000000000000000000000000000000000000000000000000000000000000000000000
2322000000000000000000000000000000000000000000000000000000000000000000000000000000000000000000000000000000000000000000000000
2323000000000000000000000000000000000000000000000000000000000000000000000000000000000000000000000000000000000000000000000000
2400000000000000000000000000000000000000000000000000000000000000000000000000000000000000000000000000000000000000000000000000
2401000000000000000000000000000000000000000000000000000000000000000000000000000000000000000000000000000000000000000000000000
2402000000000000000000000000000000000000000000000000000000000000000000000000000000000000000000000000000000000000000000000000
2403000000000000000000000000000000000000000000000000000000000000000000000000000000000000000000000000000000000000000000000000
2404000000000000000000000000000000000000000000000000000000000000000000000000000000000000000000000000000000000000000000000000
2405000000000000000000000000000000000000000000000000000000000000000000000000000000000000000000000000000000000000000000000000
2406000000000000000000000000000000000000000000000000000000000000000000000000000000000000000000000000000000000000000000000000
2407000000000000000000000000000000000000000000000000000000000000000000000000000000000000000000000000000000000000000000000000
2408000000000000000000000000000000000000000000000000000000000000000000000000000000000000000000000000000000000000000000000000
2409000000000000000000000000000000000000000000000000000000000000000000000000000000000000000000000000000000000000000000000000
2410000000000000000000000000000000000000000000000000000000000000000000000000000000000000000000000000000000000000000000000000
2411000000000000000000000000000000000000000000000000000000000000000000000000000000000000000000000000000000000000000000000000
2412000000000000000000000000000000000000000000000000000000000000000000000000000000000000000000000000000000000000000000000000
2413000000000000000000000000000000000000000000000000000000000000000000000000000000000000000000000000000000000000000000000000
2414000000000000000000000000000000000000000000000000000000000000000000000000000000000000000000000000000000000000000000000000
2415000000000000000000000000000000000000000000000000000000000000000000000000000000000000000000000000000000000000000000000000
2416000000000000000000000000000000000000000000000000000000000000000000000000000000000000000000000000000000000000000000000000
2417000000000000000000000000000000000000000000000000000000000000000000000000000000000000000000000000000000000000000000000000
2418000000000000000000000000000000000000000000000000000000000000000000000000000000000000000000000000000000000000000000000000
2419000000000000000000000000000000000000000000000000000000000000000000000000000000000000000000000000000000000000000000000000
2420000000000000000000000000000000000000000000000000000000000000000000000000000000000000000000000000000000000000000000000000
2421000000000000000000000000000000000000000000000000000000000000000000000000000000000000000000000000000000000000000000000000
2422000000000000000000000000000000000000000000000000000000000000000000000000000000000000000000000000000000000000000000000000
2423000000000000000000000000000000000000000000000000000000000000000000000000000000000000000000000000000000000000000000000000
2500000000000000000000000000000000000000000000000000000000000000000000000000000000000000000000000000000000000000000000000000
2501000000000000000000000000000000000000000000000000000000000000000000000000000000000000000000000000000000000000000000000000
2502000000000000000000000000000000000000000000000000000000000000000000000000000000000000000000000000000000000000000000000000
2503000000000000000000000000000000000000000000000000000000000000000000000000000000000000000000000000000000000000000000000000
2504000000000000000000000000000000000000000000000000000000000000000000000000000000000000000000000000000000000000000000000000
2505000000000000000000000000000000000000000000000000000000000000000000000000000000000000000000000000000000000000000000000000
2506000000000000000000000000000000000000000000000000000000000000000000000000000000000000000000000000000000000000000000000000
2507000000000000000000000000000000000000000000000000000000000000000000000000000000000000000000000000000000000000000000000000
2508000000000000000000000000000000000000000000000000000000000000000000000000000000000000000000000000000000000000000000000000
2509000000000000000000000000000000000000000000000000000000000000000000000000000000000000000000000000000000000000000000000000
2510000000000000000000000000000000000000000000000000000000000000000000000000000000000000000000000000000000000000000000000000
2511000000000000000000000000000000000000000000000000000000000000000000000000000000000000000000000000000000000000000000000000
2512000000000000000000000000000000000000000000000000000000000000000000000000000000000000000000000000000000000000000000000000
2513000000000000000000000000000000000000000000000000000000000000000000000000000000000000000000000000000000000000000000000000
2514000000000000000000000000000000000000000000000000000000000000000000000000000000000000000000000000000000000000000000000000
2515000000000000000000000000000000000000000000000000000000000000000000000000000000000000000000000000000000000000000000000000
2516000000000000000000000000000000000000000000000000000000000000000000000000000000000000000000000000000000000000000000000000
2517000000000000000000000000000000000000000000000000000000000000000000000000000000000000000000000000000000000000000000000000
2518000000000000000000000000000000000000000000000000000000000000000000000000000000000000000000000000000000000000000000000000
2519000000000000000000000000000000000000000000000000000000000000000000000000000000000000000000000000000000000000000000000000
2520000000000000000000000000000000000000000000000000000000000000000000000000000000000000000000000000000000000000000000000000
2521000000000000000000000000000000000000000000000000000001000506070808081008080807080705040503040303050303030302020302020203
2522020203030302020202030101010101010000010000010001000000000000010000000100000000000100000100010000010001000100000101000102
2523010001000100010000000100010000000001000001000000000100000000000000000100000000000000000000000000000000000000000000000000
2600000000000000000000000000000000000000000000000000000000000000000000000000000000000000000000000000000000000000000000000000
2601000000000000000000000000000000000000000000000000000000000000000000000000000000000000000000000000000000000000000000000000
2602000000000000000000000000000000000000000000000000000000000000000000000000000000000000000000000000000000000000000000000000
2603000000000000000000000000000000000000000000000000000000000000000000000000000000000000000000000000000000000000000000000000
2604000000000000000000000000000000000000000000000000000000000000000000000000000000000000000000000000000000000000000000000000
2605000000000000000000000000000000000000000000000000000000000000000000000000000000000000000000000000000000000000000000000000
2606000000000000000000000000000000000000000000000000000000000000000000000000000000000000000000000000000000000000000000000000
2607000000000000000000000000000000000000000000000000000000000000000000000000000000000000000000000000000000000000000000000000
2608000000000000000000000000000000000000000000000000000000000000000000000000000000000000000000000000000000000000000000000000
2609000000000000000000000000000000000000000000000000000000000000000000000000000000000000000000000000000000000000000000000000
2610000000000000000000000000000000000000000000000000000000000000000000000000000000000000000000000000000000000000000000000000
2611000000000000000000000000000000000000000000000000000000000000000000000000000000000000000000000000000000000000000000000000
2612000000000000000000000000000000000000000000000000000000000000000000000000000000000000000000000000000000000000000000000000
2613000000000000000000000000000000000000000000000000000000000000000000000000000000000000000000000000000000000000000000000000
2614000000000000000000000000000000000000000000000000000000000000000000000000000000000000000000000000000000000000000000000000
2615000000000000000000000000000000000000000000000000000000000000000000000000000000000000000000000000000000000000000000000000
2616000000000000000000000000000000000000000000000000000000000000000000000000000000000000000000000000000000000000000000000000
2617000000000000000000000000000000000000000000000000000000000000000000000000000000000000000000000000000000000000000000000000
2618000000000000000000000000000000000000000000000000000000000000000000000000000000000000000000000000000000000000000000000000
2619000000000000000000000000000000000000000000000000000000000000000000000000000000000000000000000000000000000000000000000000
2620000000000000000000000000000000000000000000000000000000000000000000000000000000000000000000000000000000000000000000000000
2621000000000000000000000000000000000000000000000000000000000000000000000000000000000000000000000000000000000000000000000000
2622000000000000000000000000000000000000000000000000000000000000000000000000000000000000000000000000000000000000000000000000
2623000000000000000000000000000000000000000000000000000000000000000000000000000000000000000000000000000000000000000000000000
2700000000000000000000000000000000000000000000000000000000000000000000000000000000000000000000000000000000000000000000000000
2701000000000000000000000000000000000000000000000000000000000000000000000000000000000000000000000000000000000000000000000000
2702000000000000000000000000000000000000000000000000000000000000000000000000000000000000000000000000000000000000000000000000
2703000000000000000000000000000000000000000000000000000000000000000000000000000000000000000000000000000000000000000000000000
2704000000000000000000000000000000000000000000000000000000000000000000000000000000000000000000000000000000000000000000000000
2705000000000000000000000000000000000000000000000000000000000000000000000000000000000000000000000000000000000000000000000000
2706000000000000000000000000000000000000000000000000000000000000000000000000000000000000000000000000000000000000000000000000
2707000000000000000000000000000000000000000000000000000000000000000000000000000000000000000000000000000000000000000000000000
2708000000000000000000000000000000000000000000000000000000000000000000000000000000000000000000000000000000000000000000000000
2709000000000000000000000000000000000000000000000000000000000000000000000000000000000000000000000000000000000000000000000000
2710000000000000000000000000000000000000000000000000000000000000000000000000000000000000000000000000000000000000000000000000
2711000000000000000000000000000000000000000000000000000000000000000000000000000000000000000000000000000000000000000000000000
2712000000000000000000000000000000000000000000000000000000000000000000000000000000000000000000000000000000000000000000000000
2713000000000000000000000000000000000000000000000000000000000000000000000000000000000000000000000000000000000000000000000000
2714000000000000000000000000000000000000000000000000000000000000000000000000000000000000000000000000000000000000000000000000
2715000000000000000000000000000000000000000000000000000000000000000000000000000000000000000000000000000000000000000000000000
2716000000000000000000000000000000000000000000000000000000000000000000000000000000000000000000000000000000000000000000000000
2717000000000000000000000000000000000000000000000000000000000000000000000000000000000000000000000000000000000000000000000000
2718000000000000000000000000000000000000000000000000000000000000000000000000000000000000000000000000000000000000000000000000
2719000000000000000000000000000000000000000000000000000000000000000000000000000000000000000000000000000000000000000000000000
2720000000000000000000000000000000000000000000000000000000000000000000000000000000000000000000000000000000000000000000000000
2721000000000000000000000000000000000000000000000000000000000000000000000000000000000000000000000000000000000000000000000000
2722000000000000000000000000000000000000000000000000000000000000000000000000000000000000000000000000000000000000000000000000
2723000000000000000000000000000000000000000000000000000000000000000000000000000000000000000000000000000000000000000000000000
2800000000000000000000000000000000000000000000000000000000000000000000000000000000000000000000000000000000000000000000000000
2801000000000000000000000000000000000000000000000000000000000000000000000000000000000000000000000000000000000000000000000000
2802000000000000000000000000000000000000000000000000000000000000000000000000000000000000000000000000000000000000000000000000
2803000000000000000000000000000000000000000000000000000000000000000000000000000000000000000000000000000000000000000000000000
2804000000000000000000000000000000000000000000000000000000000000000000000000000000000000000000000000000000000000000000000000
2805000000000000000000000000000000000000000000000000000000000000000000000000000000000000000000000000000000000000000000000000
2806000000000000000000000000000000000000000000000000000000000000000000000000000000000000000000000000000000000000000000000000
2807000000000000000000000000000000000000000000000000000000000000000000000000000000000000000000000000000000000000000000000000
2808000000000000000000000000000000000000000000000000000000000000000000000000000000000000000000000000000000000000000000000000
2809000000000000000000000000000000000000000000000000000000000000000000000000000000000000000000000000000000000000000000000000
2810000000000000000000000000000000000000000000000000000000000000000000000000000000000000000000000000000000000000000000000000
2811000000000000000000000000000000000000000000000000000000000000000000000000000000000000000000000000000000000000000000000000
2812000000000000000000000000000000000000000000000000000000000000000000000000000000000000000000000000000000000000000000000000
2813000000000000000000000000000000000000000000000000000000000000000000000000000000000000000000000000000000000000000000000000
2814000000000000000000000000000000000000000000000000000000000000000000000000000000000000000000000000000000000000000000000000
2815000000000000000000000000000000000000000000000000000000000000000000000000000000000000000000000000000000000000000000000000
2816000000000000000000000000000000000000000000000000000000000000000000000000000000000000000000000000000000000000000000000000
2817000000000000000000000000000000000000000000000000000000000000000000000000000000000000000000000000000000000000000000000000
2818000000000000000000000000000000000000000000000000010000010000010000000000000000000000000000000000000000000000000000000000
2819000000000000000000000000000000000000000000000000000000000000000000000000000000000000000000000000000000000000000000000000
2820000000000000000000000000000000000000000000000000000000000000000000000000000000000000000000000000000000000000000000000000
2821000000000000000000000000000000000000000000000000000000000000000000000000000000000000000000000000000000000000000000000000
2822000000000000000000000000000000000000000000000000000000000000000000000000000000000000000000000000000000000000000000000000
2823000000000000000000000000000000000000000000000000000000000000000000000000000000000000000000000000000000000000000000000000
2900000000000000000000000000000000000000000000000000000000000000000000000000000000000000000000000000000000000000000000000000
2901000000000000000000000000000000000000000000000000000000000000000000000000000000000000000000000000000000000000000000000000
2902000000000000000000000000000000000000000000000000000000000000000000000000000000000000000000000000000000000000000000000000
2903000000000000000000000000000000000000000000000000000000000000000000000000000000000000000000000000000000000000000000000000
2904000000000000000000000000000000000000000000000000000000000000000000000000000000000000000000000000000000000000000000000000
2905000000000000000000000000000000000000000000000000000000000000000000000000000000000000000000000000000000000000000000000000
2906000000000000000000000000000000000000000000000000000000000000000000000000000000000000000000000000000000000000000000000000
2907000000000000000000000000000000000000000000000000000000000000000000000000000000000000000000000000000000000000000000000000
2908000000000000000000000000000000000000000000000000000000000000000000000000000000000000000000000000000000000000000000000000
2909000000000000000000000000000000000000000000000000000000000000000000000000000000000000000000000000000000000000000000000000
2910000000000000000000000000000000000000000000000000000000000000000000000000000000000000000000000000000000000000000000000000
2911000000000000000000000000000000000000000000000000000000000000000000000000000000000000000000000000000000000000000000000000
2912000000000000000000000000000000000000000000000000000000000000000000000000000000000000000000000000000000000000000000000000
2913000000000000000000000000000000000000000000000000000000000000000000000000000000000000000000000000000000000000000000000000
2914000000000000000000000000000000000000000000000000000000000000000000000000000000000000000000000000000000000000000000000000
2915000000000000000000000000000000000000000000000000000000000000000000000000000000000000000000000000000000000000000000000000
2916000000000000000000000000000000000000000000000000000000000000000000000000000000000000000000000000000000000000000000000000
2917000000000000000000000000000000000000000000000000000000000000000000000000000000000000000000000000000000000000000000000000
2918000000000000000000000000000000000000000000000000000000000000000000000000000000000000000000000000000000000000000000000000
2919000000000000000000000000000000000000000000000000000000000000000000000000000000000000000000000000000000000000000000000000
2920000000000000000000000000000000000000000000000000000000000000000000000000000000000000000000000000000000000000000000000000
2921000000000000000000000000000000000000000000000000000000000000000000000000000000000000000000000000000000000000000000000000
2922000000000000000000000000000000000000000000000000000000000000000000000000000000000000000000000000000000000000000000000000
2923000000000000000000000000000000000000000000000000000000000000000000000000000000000000000000000000000000000000000000000000
3000000000000000000000000000000000000000000000000000000000000000000000000000000000000000000000000000000000000000000000000000
3001000000000000000000000000000000000000000000000000000000000000000000000000000000000000000000000000000000000000000000000000
3002000000000000000000000000000000000000000000000000000000000000000000000000000000000000000000000000000000000000000000000000
3003000000000000000000000000000000000000000000000000000000000000000000000000000000000000000000000000000000000000000000000000
3004000000000000000000000000000000000000000000000000000000000000000000000000000000000000000000000000000000000000000000000000
3005000000000000000000000000000000000000000000000000000000000000000000000000000000000000000000000000000000000000000000000000
3006000000000000000000000000000000000000000000000000000000000000000000000000000000000000000000000000000000000000000000000000
3007000000000000000000000000000000000000000000000000000000000000000000000000000000000000000000000000000000000000000000000000
3008000000000000000000000000000000000000000000000000000000000000000000000000000000000000000000000000000000000000000000000000
3009000000000000000000000000000000000000000000000000000000000000000000000000000000000000000000000000000000000000000000000000
3010000000000000000000000000000000000000000000000000000000000000000000000000000000000000000000000000000000000000000000000000
3011000000000000000000000000000000000000000000000000000000000000000000000000000000000000000000000000000000000000000000000000
3012000000000000000000000000000000000000000000000000000000000000000000000000000000000000000000000000000000000000000000000000
3013000000000000000000000000000000000000000000000000000000000000000000000000000000000000000000000000000000000000000000000000
3014000000000000000000000000000000000000000000000000000000000000000000000000000000000000000000000000000000000000000000000000
3015000000000000000000000000000000000000000000000000000000000000000000000000000000000000000000000000000000000000000000000000
3016000000000000000000000000000000000000000000000000000000000000000000000000000000000000000000000000000000000000000000000000
3017000000000000000000000000000000000000000000000000000000000000000000000000000000000000000000000000000000000000000000000000
3018000000000000000000000000000000000000000000000000000000000000000000000000000000000000000000000000000000000000000000000000
3019000000000000000000000000000000000000000000000000000000000000000000000000000000000000000000000000000000000000000000000000
3020000000000000000000000000000000000000000000000000000000000000000000000000000000000000000000000000000000000000000000000000
